4.103823
4.217408
3.882019
10.969924
10.266119
3.929177
4.067804
9.579140
8.818417
4.197429
3.865494
9.376927
3.781110
3.920662
3.953372
4.006631
4.079302
4.020897
4.250248
3.920268
3.847988
4.089563
4.139400
3.729351
8.860526
3.973308
3.968368
3.768360
4.043591
3.891357
4.156760
3.935891
9.425393
3.996084
3.948993
3.904971
3.905497
3.981410
4.023940
3.758406
3.971101
4.068380
3.861274
4.142503
4.129535
8.095214
4.258117
4.213571
3.990122
9.604160
4.127053
3.917985
9.973599
4.029020
4.084894
4.000247
3.966250
4.007468
4.117281
3.791384
4.084640
3.755972
4.180793
4.182097
8.035937
7.009221
8.414185
9.298772
3.993595
4.006986
4.050460
4.057141
4.027001
3.941079
4.188154
3.885449
3.907445
7.819809
4.167625
4.263670
9.714224
4.319807
3.877169
3.773048
3.782157
3.992375
3.746421
3.911635
4.027370
3.933975
4.091169
3.841730
3.891171
4.156231
4.059418
10.089309
3.923048
9.521126
3.871934
4.120153
3.733918
3.840739
4.146718
4.034994
4.056446
3.904232
3.953516
3.958546
4.054923
4.033829
4.068986
4.012616
4.028991
4.073285
3.905810
4.018665
8.647752
9.819467
4.073078
10.197260
4.049544
4.146662
3.940655
3.507932
4.032001
3.963927
3.963366
8.820620
8.307229
4.159296
3.930270
3.949195
4.036954
3.911850
4.155067
4.024673
3.851209
3.875903
3.847535
4.137776
4.141294
4.099875
4.173463
3.750127
3.974191
3.805233
4.005076
3.885983
4.016220
4.051191
4.434214
4.120226
3.960501
8.024345
4.013746
4.126769
10.743039
3.954937
10.117999
4.148995
3.818891
4.094784
3.992762
4.079388
9.619302
3.991792
9.398586
3.852556
3.779558
8.504312
3.983540
4.052237
3.945956
7.769407
3.725842
3.927485
3.899266
3.983394
3.919704
3.946285
4.040829
9.072857
4.059931
3.854430
8.017300
3.887418
4.030454
4.291822
4.140850
3.854804
4.151001
8.481266
8.718474
9.560369
4.105729
3.851475
3.950775
4.082572
3.884295
4.109789
4.119971
3.930841
4.022679
9.535038
9.830589
10.043630
8.239053
3.988040
3.855372
3.967634
3.758446
4.050295
10.211364
3.696281
3.795339
3.920046
4.062821
3.680581
3.868229
3.982048
4.143122
4.211103
4.180036
7.844933
4.075593
6.748739
3.951894
3.990488
3.874886
3.904766
4.149556
10.213088
4.160261
4.234977
9.042653
4.190995
3.981896
3.874204
3.979587
3.969324
4.037776
4.123018
9.007966
10.088573
4.072675
3.982180
3.980817
9.987424
3.899403
4.271325
4.033412
9.405642
3.733183
9.282044
3.679730
8.448526
4.169067
3.838748
3.745652
3.973678
3.900948
3.699125
10.012715
3.756073
4.119270
10.370982
9.274075
4.056533
3.943689
3.785378
4.028917
3.873301
7.345409
3.806040
4.125059
4.054147
3.790830
4.065623
8.953556
3.902296
3.992589
9.333006
3.909143
3.783972
4.180927
3.868573
4.276555
3.835218
10.286129
4.122048
3.773250
3.772440
3.927978
4.043790
4.056301
4.016528
9.035443
3.933094
3.839123
3.929864
3.945621
4.147020
3.995510
3.993317
3.974054
4.027359
3.833660
3.979082
3.700678
4.056131
3.967321
9.859745
4.002511
3.680033
3.995948
3.759559
3.856006
4.009175
4.057466
3.836350
7.085592
4.010253
7.262765
9.154934
4.116533
3.940961
4.111399
8.657415
9.368467
3.986360
3.891698
3.902558
8.587644
3.746557
3.989923
4.009611
8.520517
3.882196
4.022875
3.868427
3.977004
4.091929
3.919524
3.997095
4.166099
3.934179
9.759824
3.960381
3.794402
9.845067
3.918213
3.925800
3.803963
4.428025
4.045576
4.053918
4.047888
3.919236
9.860162
3.994016
3.912223
4.230511
3.984141
10.338448
3.753624
3.824164
9.508474
4.032947
3.839727
3.992656
8.796490
4.055537
4.079585
3.948212
9.139899
3.811458
3.708502
3.768609
9.920403
4.131233
4.092570
4.087431
3.908562
9.429767
3.595009
3.893404
4.155848
3.999227
4.179532
3.951883
3.859694
3.928459
7.028388
4.138984
4.153797
3.818725
4.017362
9.910396
4.027908
3.980401
3.991994
8.062338
3.938384
8.094887
3.888291
4.219342
4.172652
8.111928
3.878649
3.920733
4.164012
9.073470
3.879240
4.038200
3.973572
3.721544
4.049841
4.080482
9.034821
4.000062
3.857613
3.847488
9.623900
4.119065
10.077907
8.977975
3.845344
3.898679
4.004831
8.069696
4.124457
4.237365
4.007749
4.146441
4.014230
4.078423
3.945116
3.995040
4.071571
3.793035
4.211690
10.304982
3.995375
4.168178
8.916396
3.848008
7.731483
3.891538
3.839331
4.011577
4.266147
8.126682
3.998469
3.954160
8.247866
3.851410
4.248852
4.070487
4.000969
3.957817
3.986405
4.027087
3.956418
8.482689
3.656283
4.069624
3.934897
4.016758
6.822984
4.051385
4.013176
4.053485
3.979979
9.262255
9.100556
4.210092
3.806331
3.959765
3.970297
3.829605
4.030593
10.314764
9.282198
8.159916
8.020029
4.038108
4.160922
3.802834
8.104073
4.168290
3.812623
3.927625
3.785818
3.901253
3.821342
4.088847
8.899980
9.248384
4.185462
4.098985
4.007224
3.961571
3.969478
4.064352
4.035383
4.006446
4.058029
8.314181
3.812874
3.952166
4.082727
9.206461
8.755593
4.062946
4.267246
4.096037
3.773235
8.147474
9.386730
4.127504
4.068987
4.070974
3.819640
4.001340
4.043727
9.043774
8.737981
3.775775
3.817687
4.038479
4.256942
3.882408
3.982342
3.965198
9.362152
3.942111
4.067297
4.001723
3.702787
10.124756
3.970468
3.863520
3.972329
4.047878
4.078809
9.091060
9.824386
3.958055
4.209140
4.001539
4.133286
3.911667
3.957337
8.416865
3.946861
3.979949
3.960354
8.930140
3.923028
3.755040
4.023111
4.083536
9.760783
4.135307
4.054117
3.944091
10.030342
8.497059
8.743995
4.075979
10.671062
3.859590
3.777430
4.023501
4.260575
9.296061
3.919947
4.067992
3.840810
4.145363
4.045398
4.181558
4.182547
3.911864
3.892331
4.135168
4.123692
3.906367
3.964093
4.022110
4.132187
3.852184
9.127665
3.585369
3.897101
3.959979
3.737122
9.579218
10.460351
10.493021
8.242337
4.150833
4.038691
8.992757
3.802763
4.024453
3.950146
3.921628
3.962715
3.955309
3.838701
3.852960
4.000772
9.080813
3.970748
3.873883
3.928405
11.061899
8.902950
4.266043
3.853383
4.139316
9.830374
4.210821
10.038973
8.954916
4.082484
4.333689
8.905840
9.917328
3.835646
4.162282
3.887081
11.016213
4.233557
3.591706
4.016114
9.314341
3.929987
4.168399
3.827232
10.386091
8.705575
7.493424
4.109013
3.998464
4.051529
4.005469
3.943097
3.819528
4.229701
3.904959
4.020785
4.141570
3.717742
10.640663
3.997630
3.888187
3.997714
3.723892
3.987892
3.804559
7.215895
10.017134
7.989630
8.767972
4.089467
8.772039
3.973816
4.010796
3.924270
3.971931
4.279080
3.800932
4.102812
4.192497
4.061815
9.714584
10.685285
4.232085
9.391086
8.400511
3.956774
4.226971
7.321556
8.238290
9.574852
3.845491
4.073495
4.130385
4.203369
7.269415
8.868125
3.976654
4.194386
9.774325
9.939299
4.062010
4.301751
3.917340
3.925230
4.071711
4.195215
8.775874
3.947042
3.939265
4.079996
3.994835
4.024793
4.147874
4.224602
3.710303
3.919438
4.038653
8.244928
4.131119
9.423368
4.164875
4.258814
8.263838
7.940629
8.452373
4.051702
4.001802
8.344002
4.046156
4.069094
4.039399
6.385403
4.067215
3.983893
4.034859
3.969230
4.030762
3.969213
4.040339
9.706381
3.884893
3.948819
3.947888
3.895949
3.747262
3.997978
8.087028
9.179932
8.254248
4.057428
9.274954
4.103087
3.796349
3.862120
3.941379
8.312435
9.875093
3.913549
9.246474
4.032236
4.165274
3.678708
4.301624
3.964147
3.827023
4.062716
4.079542
8.225862
3.807303
4.024392
3.974478
4.067032
10.165482
4.169746
4.030828
4.004143
3.712485
4.053533
4.097866
8.720996
4.343956
3.868391
3.939711
3.870906
4.018022
3.731538
9.119992
9.885395
3.770298
9.586828
8.072135
4.089135
3.862871
3.817640
4.069618
3.835748
3.863713
8.624016
3.829865
8.961491
3.882721
3.913821
6.951363
10.093158
4.007826
3.948514
3.818745
4.042186
3.850869
8.296220
3.956850
8.592056
4.084296
9.485411
4.015921
4.241110
9.461049
4.114401
4.076885
4.304995
3.740920
9.878382
4.037109
3.741718
4.001002
4.104332
3.754111
3.820003
4.043442
8.108585
9.081235
8.429006
3.991019
4.294219
3.913177
4.098828
4.208006
4.002355
8.742794
3.992627
4.257559
4.047043
9.485523
3.937867
8.676789
4.027346
3.826810
4.048194
3.978707
3.861645
4.019266
3.864750
4.147978
3.834459
3.790067
3.867388
4.248511
4.308391
3.957358
11.289937
3.668886
4.094758
3.758342
3.772527
3.742096
3.959545
3.757728
3.926921
3.855486
7.705469
3.882986
10.153260
7.060440
4.055485
8.496559
4.055994
4.004326
3.980831
3.907150
4.021072
4.050070
4.117246
3.887609
4.029906
4.230382
4.150952
3.724391
6.525051
3.991116
8.310587
4.225509
4.122330
3.766440
3.993240
4.186997
10.582956
4.069263
10.045617
3.854051
3.903423
7.808599
4.068932
3.789395
3.931390
4.085043
4.060603
4.005825
3.988507
4.062721
3.920627
3.904625
4.283275
9.433119
4.167909
3.859719
4.120573
3.980791
3.889147
3.962675
4.047830
3.917803
4.136846
3.922169
4.272121
3.946597
4.076045
3.939813
3.993350
9.318757
4.011985
3.938056
3.867878
3.838435
4.076109
9.475867
4.104040
3.980785
3.705199
9.616934
4.208256
4.104472
9.048792
3.952999
9.636582
4.304544
4.061402
4.017765
9.106428
4.045791
3.895038
4.168186
4.089544
3.676143
10.897495
4.175680
10.411295
4.018417
3.878138
3.872908
3.967263
8.971211
9.631037
9.042216
3.851738
7.776492
3.946930
3.922183
4.118286
3.989493
4.174042
8.383219
4.103090
4.185960
4.067181
4.117575
4.249955
4.049986
3.932798
10.400472
3.881019
3.830689
8.443670
3.885562
4.181326
8.787280
4.139356
4.086723
4.155878
10.806450
4.010334
4.123091
3.987103
10.786645
4.138024
3.925612
4.081631
4.145570
4.125654
4.025372
11.382010
9.069540
4.115127
3.861003
4.114387
3.868153
9.120135
4.168328
4.147089
4.000617
3.899252
3.835778
10.621493
4.069714
4.056992
3.847991
8.521235
3.777657
3.985039
3.783468
9.536762
8.777865
3.895814
3.863539
3.941160
3.672031
8.325497
3.827479
3.962085
8.228837
4.075066
3.978371
3.941800
4.042813
3.924301
3.943694
4.191147
8.879106
3.993859
3.740871
4.227026
3.938951
10.973452
10.236901
3.798936
4.021184
4.100562
4.099735
3.919882
3.913608
3.985273
9.329470
3.974633
8.986355
8.362422
10.237106
3.880837
3.973199
4.279151
8.835703
4.115493
4.133952
4.027737
3.887161
9.722051
3.753335
8.728767
3.977815
3.947189
9.070965
8.897470
4.003681
8.095979
4.067696
8.563788
4.004459
3.971154
3.880816
4.075971
4.400408
4.229049
9.361343
4.225162
4.117588
10.512673
3.847525
3.882163
4.085707
9.768160
3.889855
8.317136
3.933702
4.113804
4.125385
4.298358
4.063130
3.861473
3.841224
8.878233
4.159271
9.285955
3.792416
4.230150
4.147621
10.255267
3.981629
3.814856
9.075329
4.129477
4.039474
3.930308
10.080952
8.608246
4.134856
6.629152
4.298506
3.941580
4.082925
3.779594
3.927182
4.002128
3.882994
3.931876
10.568445
4.007410
9.686250
3.848077
3.764451
3.870598
9.043783
3.753706
3.942454
3.896139
4.063050
3.968415
4.021174
4.003530
4.158911
9.275678
4.194852
8.112943
3.986413
8.695261
3.995457
9.433455
10.172939
11.608326
3.994553
10.979317
3.909533
3.957735
3.840474
4.192590
3.748183
4.148187
3.876095
8.463808
4.028192
8.299065
3.853674
9.062934
4.305346
3.817930
4.258556
4.175994
3.922112
3.963383
10.442534
4.186237
3.741507
3.998792
4.002586
8.417782
4.082242
3.878462
3.727792
3.733913
3.892910
4.169911
4.117655
7.871717
3.999766
4.159971
11.253253
4.074946
3.794377
3.572394
3.743159
10.608112
3.975334
3.940844
4.059490
4.080428
3.901261
6.943520
3.944170
3.903482
4.038036
7.837502
4.081024
8.147613
8.433568
3.984930
3.852122
7.832334
3.976311
4.060747
3.822192
3.738538
4.013052
8.515891
3.893666
4.092218
3.901612
3.851911
4.016171
10.414365
3.804485
4.131395
4.055014
4.108626
4.056352
4.092605
4.060553
3.944045
9.628692
3.886947
8.529211
10.208761
3.856430
4.145288
3.697682
7.409477
3.997789
4.169447
3.855028
8.344977
4.172964
3.960551
8.774855
8.078368
3.850221
4.057300
9.743082
4.052294
4.028795
3.778317
8.250123
3.965426
3.878303
3.993798
4.107161
3.973159
3.914122
4.048079
4.059758
3.924757
4.095589
4.019168
3.895863
4.058942
3.966392
4.028497
3.859006
9.768658
4.211294
4.083497
3.975617
4.185176
3.936757
8.553377
3.684565
4.115977
3.879269
3.842627
4.055939
9.425261
3.775872
3.963500
6.048911
4.112434
3.936467
10.196173
4.103427
4.040350
4.184435
8.884203
4.048327
4.041858
4.015002
4.118827
4.053162
8.691343
8.548926
3.937602
4.014613
3.942533
9.963535
3.937549
3.964295
3.972434
10.316586
3.990740
3.948021
4.005006
4.268956
3.885755
4.016520
3.949082
9.642059
4.140015
3.921234
4.177145
9.588721
9.358654
3.948942
3.877148
4.039194
3.748112
3.903886
4.014279
4.059219
10.552513
3.878115
8.984073
4.128510
3.928127
3.942564
3.978371
3.951867
4.134548
3.931703
3.862773
4.377629
3.760861
4.004611
4.226525
3.770229
3.870082
3.950224
10.052101
3.904708
4.211305
3.924327
3.735091
4.293375
8.565791
3.984548
4.044888
4.054259
8.234486
3.829089
4.074005
4.031617
9.614850
10.096760
9.879824
3.904041
3.909553
9.763493
4.368211
3.880930
8.495628
3.895058
3.949977
4.121026
4.167441
4.049208
10.731195
4.261026
3.913229
3.991989
4.194392
8.322102
4.110692
10.166721
8.522779
4.059276
8.826968
9.418419
10.253214
4.279788
3.808132
4.088943
4.122277
10.480140
3.977812
3.976508
4.159219
9.329299
4.187191
4.035466
3.986889
3.817852
3.819857
3.721478
3.870129
3.888125
3.883413
4.024102
4.073928
7.552455
4.151972
4.262163
10.267668
3.932756
4.095145
4.238772
3.882874
4.050614
4.196147
4.381316
4.126285
3.974615
4.198113
3.891729
4.185424
8.528351
4.168963
11.178315
4.074431
4.098859
4.054655
3.990416
4.159154
3.873253
9.411127
9.079242
3.958041
6.078583
3.988265
4.216197
3.962983
3.891374
4.101474
3.973334
3.979529
4.136965
3.813039
8.037425
3.817872
4.126214
4.027130
4.096783
3.897096
4.154070
4.053135
3.994600
3.926002
3.799647
8.047051
10.972190
4.165636
3.846463
8.731650
4.112300
3.939784
4.149915
7.464135
3.885095
3.863618
3.812803
4.223913
3.923231
4.103411
3.946011
4.163766
8.278871
3.940152
9.209626
4.101924
3.695289
4.243443
4.061009
4.070340
4.070677
3.914417
4.035893
9.599979
4.020418
3.894703
4.032591
4.189660
4.023604
3.999690
4.062296
3.942008
4.224656
4.109992
8.575494
3.963044
7.051866
4.080206
7.297267
3.960223
4.044641
4.023157
4.010045
4.277708
4.023807
4.138300
3.954300
3.903448
4.160802
3.917823
8.078309
3.900721
3.847333
4.069193
3.806158
9.486219
3.967815
3.772350
8.266828
4.022247
10.594163
3.919767
3.551402
8.206878
3.911252
8.598924
4.206864
8.301597
4.158526
4.091650
8.114779
3.844920
4.334038
4.302226
4.094286
9.131110
8.623949
4.095125
3.896147
9.744011
4.021923
3.890151
10.732253
4.074626
4.240253
3.908852
4.048949
3.673770
3.826201
4.189666
3.956901
4.119224
4.183774
3.940887
4.048553
3.796818
3.858197
4.179459
3.854314
4.018127
4.012119
4.305204
4.099326
9.378384
4.198426
3.961343
9.436830
4.124129
3.787830
4.071814
4.140395
4.128504
3.958162
3.915536
3.895579
4.275247
4.138140
3.895803
3.834305
3.771798
8.630368
8.701994
4.244971
4.295239
4.036061
3.967167
3.891102
4.002228
3.799364
8.336686
4.003936
3.984164
3.987896
4.100750
3.862905
3.964134
7.552461
3.914640
4.257209
3.963440
4.037352
10.488300
4.040661
3.960451
6.877872
8.133362
3.976904
3.960402
4.078067
3.802633
4.003369
4.096173
9.688329
4.064893
4.146010
3.960391
3.877093
3.799899
4.047137
8.453820
4.098445
7.845486
3.982079
4.047412
4.185864
4.083032
4.136212
4.229565
4.170862
3.906323
4.185008
3.909524
3.852286
3.887935
3.969844
3.907065
3.830900
3.884227
3.951762
4.241405
3.900192
3.913776
4.153906
3.965258
8.945134
3.833747
4.130170
9.907556
4.030908
8.856454
9.604886
3.935605
9.984508
9.157947
4.121534
4.284129
4.046172
3.661704
4.190025
4.038476
3.754045
10.090214
3.776042
4.218348
3.784825
8.382759
9.738494
3.962313
10.613777
4.056123
3.937662
3.976602
8.925230
4.195936
4.012576
4.062264
3.952524
3.922473
3.981160
3.834693
4.131295
4.255417
8.045344
3.645820
4.106550
4.038055
3.840304
8.197525
3.778622
9.521606
4.086070
3.936773
3.955947
4.480873
4.014957
3.969693
9.975359
3.756551
3.917821
4.194476
4.080274
4.039166
7.849748
4.104187
8.184214
4.159002
3.796761
4.217350
8.979747
10.523087
4.211226
3.949005
3.976528
10.674354
4.129271
4.039788
3.960888
3.815459
3.834202
4.151257
3.896431
4.140049
4.230204
4.139545
3.798119
3.755018
3.960640
3.996629
4.159509
3.956273
3.896816
4.179462
3.999605
3.886089
3.979730
8.590971
4.077648
3.831664
10.805641
4.262544
3.986354
4.019423
3.833789
7.708839
4.022181
3.966372
4.213880
4.000360
4.088706
3.853639
4.007218
4.119634
3.716563
3.932345
4.001593
3.977740
3.914828
3.865930
3.966378
3.844571
3.856336
3.935572
3.978328
4.278094
9.867160
4.043916
9.985600
4.007700
7.345532
4.101120
4.271594
7.134029
3.927275
3.819250
3.854670
4.014880
4.328541
3.916109
3.887928
3.951044
9.507636
4.081025
3.945631
3.960653
9.120753
8.990232
4.079526
4.116140
3.818975
4.015661
3.932640
3.925596
3.771852
4.284344
4.208783
3.959197
3.997668
4.012670
3.985031
3.805814
4.071279
3.869569
4.270173
4.207189
4.000319
4.034976
8.077719
4.217066
3.996447
4.039620
4.082446
8.108035
4.424624
3.886544
3.969435
9.079148
8.832337
3.865912
4.150868
8.743098
4.096260
4.046336
4.035217
4.031483
4.155303
4.077731
4.113401
3.969044
4.046176
4.082757
4.244706
3.796037
4.105146
3.780923
4.008450
3.810462
8.421512
4.048998
3.909533
4.056267
4.015046
4.022607
4.044762
3.762438
3.771242
4.107051
3.809818
8.456693
4.058627
3.857895
4.005316
4.117007
3.752980
3.882019
9.693578
10.322851
3.965164
4.002865
4.077823
3.965501
4.081933
4.211559
8.630933
4.256024
4.088242
4.109311
3.952279
4.339287
3.884618
8.075491
8.888611
9.709214
3.720770
9.222622
3.968202
3.939421
4.008589
4.088763
4.028046
10.977409
8.434058
4.076777
10.190966
8.718788
9.660778
3.986147
4.337660
4.012582
8.273802
4.153002
3.796210
3.968336
3.704830
4.168548
3.984218
4.143512
3.969172
4.132572
3.681158
9.088639
3.844286
3.900636
4.022171
3.984373
10.217377
11.340849
4.002002
4.018506
3.849265
4.147716
3.909359
8.037109
4.033114
4.106831
4.175830
3.969016
4.130137
4.001032
10.112543
4.076155
4.226027
3.727515
7.499904
4.046197
4.106279
4.047785
3.823915
3.961498
4.076642
4.016571
3.934357
3.874996
3.991514
4.102860
9.000586
3.783596
4.067763
3.857590
3.915614
4.175548
3.935627
3.915591
4.000495
3.983569
3.998271
4.000652
8.388357
4.005412
3.970010
3.853485
3.981526
3.956407
4.012679
4.057955
3.920960
3.843783
3.977003
3.982478
9.128415
3.938485
4.001393
4.033953
4.087433
4.063382
3.930813
4.183321
4.052310
4.166587
7.884092
4.222544
4.059421
4.012505
3.967583
4.103583
4.044143
4.287703
3.955469
4.018995
10.588823
4.134621
4.012889
9.377187
3.798364
4.322116
4.058037
3.983067
4.081156
8.607638
4.195864
3.756883
3.786801
4.106925
4.093947
3.978014
4.000917
8.865361
4.011632
3.827156
9.124743
4.025457
8.438722
4.046500
3.891618
3.909145
4.137114
3.678950
3.847503
4.020426
3.857573
4.040603
4.179172
9.990360
3.977358
4.100218
3.961757
3.768248
4.018031
4.144847
4.097568
3.826499
3.849256
11.095606
10.365594
3.871353
3.893557
4.106585
3.981442
8.663366
3.913051
4.269531
3.909290
10.999124
3.882944
6.452650
8.450078
4.132842
3.934001
3.760719
4.220435
4.070506
8.778027
4.117456
4.175268
4.130611
3.879769
4.167530
9.091228
6.584995
4.279758
9.375300
4.043334
4.074446
9.255413
3.885142
4.042076
3.993928
4.145783
3.998766
4.075736
3.840801
4.005861
9.847540
3.806592
3.869781
4.085370
4.024689
4.012727
3.991284
3.824004
3.804949
9.129846
3.917685
4.005202
4.010925
3.841352
8.184473
3.990964
3.909945
4.109936
4.069276
3.826812
3.757040
8.599260
4.026250
3.932783
9.357675
3.851407
9.877599
3.759399
4.190673
4.076662
3.939622
4.107627
4.063459
4.007303
10.629704
3.957915
3.900090
4.288770
3.864729
4.227247
9.730468
7.546966
8.192470
3.922031
4.302857
4.041930
4.217243
4.059660
9.022077
3.757511
3.889232
9.403252
4.209830
3.781372
3.970195
3.940694
4.102929
4.119287
4.052933
4.120826
4.114769
3.830612
3.925279
3.910467
4.008493
4.074364
8.748388
3.936965
8.238711
10.038563
4.302898
3.987207
3.984158
3.762944
4.138802
7.747895
3.945317
4.298383
3.897982
4.166435
3.856007
7.536604
3.904101
4.067456
4.237933
9.861933
3.920269
3.978670
9.362889
3.988821
4.306423
4.064610
3.923224
3.918303
4.289828
3.998908
3.661147
3.899688
4.066222
9.459011
4.132490
3.973001
8.301865
4.185958
4.099812
3.951413
3.951909
4.314157
9.103512
8.831321
3.945979
3.774452
3.995538
7.517138
7.764964
9.972096
3.929287
8.629280
3.800419
9.142453
3.898087
9.514047
4.068261
3.987472
4.071050
3.891531
3.888105
3.899942
4.141211
3.874228
7.280246
4.271987
7.768310
4.108730
3.890525
4.176250
3.983843
4.246770
3.966194
4.001420
4.088715
8.926641
4.099722
3.970839
3.842885
9.723540
3.981501
10.917678
3.946461
3.939665
4.065269
3.882550
3.940433
7.729127
3.944394
3.973914
3.941343
4.039711
4.108964
3.933303
3.860596
3.837283
4.027803
6.592834
3.891839
4.008968
3.881575
4.037214
4.135932
4.153946
3.958736
4.337812
3.875881
4.045070
3.830588
4.023383
4.026660
4.111718
3.838346
4.016467
3.902301
4.212171
4.163885
4.029112
4.061071
3.972824
3.838724
4.018931
4.270081
4.020940
4.158586
4.026480
4.124666
3.914911
4.198168
9.230484
3.914473
4.157895
4.250175
4.090145
4.173270
3.908060
4.043164
10.372453
4.123296
3.891389
8.436073
4.276028
3.968765
3.986779
3.862676
4.099941
7.277936
4.297997
4.136193
8.957711
3.906547
3.975390
4.005630
3.955907
3.881400
8.618980
3.982699
3.965734
4.158644
3.924970
3.990433
3.837528
4.130636
3.874814
8.955271
3.868999
3.866768
4.052924
4.042334
4.157009
3.999394
3.980665
3.925119
3.563626
9.121204
4.028934
3.892475
3.876276
3.809934
8.763946
4.064985
3.935493
3.758529
3.733268
3.988329
4.115420
4.003055
8.675760
3.832143
6.755690
4.119469
4.135461
9.654106
4.235675
9.875814
3.990922
3.986590
4.134795
4.201813
8.260869
3.755246
3.994547
4.022946
4.173386
4.196126
9.098100
3.837643
3.865152
8.683478
3.748394
10.754477
4.025840
4.123474
8.564777
4.073028
3.906408
3.767314
3.860812
4.159132
4.079025
3.968948
4.050042
3.903968
3.908078
3.981475
4.138474
4.144267
3.797730
9.327308
3.938385
4.208037
8.428467
3.777025
4.027798
3.768442
4.231165
4.061307
4.133866
8.926285
3.956390
3.928122
3.783261
3.909480
3.994035
3.964870
3.904938
3.997255
4.141712
3.822641
8.665063
4.032925
3.671254
4.086695
9.148349
4.297693
3.861785
4.010925
3.814935
3.927652
3.936974
10.037652
3.969346
3.856697
4.209032
4.200461
8.331917
3.862846
3.816556
4.198724
4.204435
4.003595
11.101687
3.961138
4.041980
4.030223
4.039675
3.892018
3.877609
4.099703
3.908487
3.984998
3.994828
3.856928
10.601634
4.113642
4.010309
4.035894
9.176889
4.081995
3.945070
3.976618
4.155664
3.874273
10.135799
8.710466
3.737283
4.022680
4.045733
4.155165
9.988614
3.705732
10.175577
6.858117
3.883323
3.907062
4.264541
8.878326
9.143194
3.955516
3.907055
9.245037
3.877472
3.944037
4.036207
3.757800
4.002803
9.302751
3.810277
4.179614
4.122850
3.989723
4.209363
4.278612
4.055747
4.053902
10.361164
3.870958
3.924494
3.922461
9.836180
4.118574
9.613212
4.117345
8.774652
4.251165
3.962222
4.013012
3.796617
3.997039
4.043827
4.075387
3.998076
3.892879
8.148150
3.931321
9.203626
3.977265
4.038380
4.027316
3.964086
4.115181
6.809998
3.849601
3.855816
4.023057
4.017610
4.235092
4.215215
8.296551
9.531817
8.301136
8.629346
9.351464
3.878901
4.083537
4.075490
4.068593
4.053592
3.965725
3.805302
4.290886
4.003920
4.059632
8.654176
3.590269
7.760056
8.825789
3.982927
3.788222
8.505663
8.888965
10.685582
8.678908
9.521618
4.050057
8.447098
7.338324
3.982207
3.982727
4.381913
3.988657
4.116457
3.916099
3.977986
3.907254
4.358191
9.307234
4.018808
3.979614
8.694433
3.855241
4.233827
3.631521
3.908711
3.891329
4.294921
8.510194
3.937261
3.944133
3.991938
3.961717
10.170660
4.094642
3.907313
4.143111
3.956378
4.116290
3.983659
9.522593
4.085501
4.095913
3.994088
9.229712
4.005205
3.966356
3.866115
4.314291
9.874024
11.407080
3.916548
4.086881
4.001128
4.006391
10.157136
4.103379
4.049422
9.553948
3.902476
3.873481
3.908747
4.202363
3.969053
9.084484
4.125518
3.958777
3.973550
4.125496
4.066914
3.920373
4.003912
3.671099
8.481256
4.344399
3.910331
3.889979
3.957812
4.170928
3.853672
3.750833
4.145342
3.808118
3.759559
9.081537
3.778444
8.388799
3.946456
4.083981
3.897621
4.076031
4.143735
3.774670
10.309822
8.702725
4.010995
3.849091
4.091333
4.240492
3.944936
3.905197
4.099376
4.015588
3.983743
4.100339
7.622749
3.954863
9.423927
3.898493
4.088857
3.850630
3.901502
7.604997
9.835990
3.864285
4.125958
3.815660
4.326061
4.081114
4.049675
4.177576
3.893995
3.956150
3.919417
3.918209
4.090019
8.391841
4.084756
4.015998
3.878994
4.244816
10.447627
4.063936
4.303264
4.080741
4.005177
4.033585
8.037858
4.125558
3.991505
4.188398
4.113694
3.874606
8.333870
4.176814
3.848420
3.977671
4.269156
4.252166
3.901763
3.962850
10.111031
8.644811
9.963779
4.112794
3.957559
3.882183
9.040593
3.935262
6.698779
3.722737
4.128853
3.887339
3.828529
10.833452
4.031182
3.975977
4.072953
3.879941
4.049051
4.038186
4.089154
4.042344
4.294309
3.885895
3.999391
4.242926
4.198846
4.132336
4.002700
4.271562
7.855668
3.921973
3.821477
4.203220
3.799326
10.117693
4.158692
4.007750
3.962108
4.055756
4.149862
9.672021
3.850313
3.912610
3.907643
3.926839
3.990854
3.970811
4.044049
3.983441
3.929537
4.138103
4.049123
3.676284
4.324894
4.007766
3.879738
4.050260
9.843508
3.832502
8.385749
7.717886
4.221465
3.948858
8.011419
3.978187
3.920471
3.765807
3.840682
3.786594
3.836193
9.288166
3.954458
4.030775
4.217937
3.849743
4.082564
4.254510
4.022851
9.827485
3.979331
3.843380
4.116859
7.721120
4.083757
3.789966
4.283480
3.932788
3.667796
3.990595
4.123088
3.979240
3.955686
4.007979
3.945644
8.590309
4.043729
4.080237
8.108884
3.943000
8.310365
4.103865
4.312154
4.186390
4.110061
4.333151
3.973972
4.119247
4.104474
4.166348
4.299572
4.029426
4.211003
8.368067
3.882547
3.851379
3.880726
4.079777
9.598772
3.993363
4.043519
10.663526
4.021766
3.721217
4.173557
4.148739
3.845453
3.897505
3.911326
4.104611
4.021300
4.135497
4.175118
3.860294
4.192787
3.970090
4.008257
4.043667
11.121076
4.066137
4.144404
3.931447
4.042205
4.187905
3.915396
9.320748
3.925275
3.861549
3.870531
3.901906
8.410571
3.852830
4.208295
4.208240
4.105358
3.966693
3.704722
4.063352
4.033631
3.869381
4.245069
4.041287
3.735324
3.915331
4.160630
3.920239
3.920102
3.981870
4.099160
4.163391
3.987974
8.264175
4.029944
10.508252
3.757019
3.959060
3.946642
3.957445
3.983997
4.113853
4.122933
4.205825
4.173423
4.098931
9.603110
3.874902
3.873881
3.827405
4.188400
4.195291
4.069391
4.216568
4.019659
3.811218
3.516635
4.232863
7.208667
3.975939
3.967849
9.140673
4.001952
4.047539
4.027843
3.779633
3.890264
4.090792
4.127418
4.063709
9.427853
4.025927
3.813440
3.987169
3.921678
3.850484
4.103951
4.004699
3.982630
7.963887
8.994465
3.822685
4.101510
3.969165
4.060054
3.881790
3.950598
3.815961
4.084204
3.992662
3.982295
3.923545
4.201355
3.863786
4.050352
3.946581
10.238908
4.084414
3.743127
9.606709
3.891951
9.389134
3.860186
7.645085
3.768466
3.865040
3.908619
3.805879
4.079499
3.979599
4.143783
4.014354
4.003418
3.861962
3.832347
4.048696
3.855317
3.825513
3.927710
7.946804
4.179141
3.966873
3.898791
4.149122
3.910939
4.075575
3.847471
4.184582
7.528747
3.944816
3.858704
3.824900
3.910254
3.966256
3.947669
3.836185
3.953595
4.173075
4.087524
3.745309
6.595727
3.718058
8.896899
4.025931
3.946477
4.238687
3.998351
4.052704
8.550905
4.025102
3.865803
4.140145
4.138165
3.999167
4.018660
4.373407
4.449572
4.045580
4.093804
10.013501
3.907160
3.656727
4.170360
4.067528
4.100774
9.839008
4.134768
7.409329
3.971863
9.314332
3.973486
4.034889
4.353716
4.123353
3.854415
4.070525
4.076174
3.980791
3.833659
4.142923
3.984486
8.588204
4.095904
8.428934
3.909298
3.890079
4.070775
3.823244
7.344039
3.996577
4.127514
4.142098
11.305297
3.986846
7.699733
4.269832
4.050830
4.193862
9.746897
9.233502
3.912631
8.459041
4.191219
4.062776
4.205453
3.899840
3.826975
8.803133
8.580244
4.091860
3.825840
4.068594
3.867288
9.092787
3.845161
3.730750
3.755022
10.563169
3.995139
4.065233
4.029500
4.005733
3.917473
3.784033
10.222593
3.931471
3.963602
4.174833
3.986589
4.048009
3.971652
4.318135
3.897818
4.172851
4.331444
4.031270
4.227394
7.273788
4.108886
4.121553
3.821411
3.984648
4.021885
4.085814
9.850980
9.501853
3.923755
4.087546
8.844931
3.991279
4.100988
4.233289
4.071524
7.181873
3.982521
9.316256
4.017948
3.815030
4.091035
3.824637
4.040915
9.403403
3.667446
3.835259
10.184062
3.791107
4.016275
4.088951
3.928576
3.906793
4.094134
3.816992
3.932727
3.934257
3.894926
3.761369
3.813571
4.160165
3.754087
3.849262
4.031206
4.219721
3.899556
3.958242
9.268059
4.314790
3.953306
8.733054
3.968357
9.070594
3.869811
7.435186
4.044164
3.753778
8.819776
11.179504
4.152168
3.995396
4.013988
4.067181
4.097700
3.972678
3.982720
3.829431
4.024673
8.342168
3.997904
3.956674
4.106250
4.111919
3.682953
4.114534
8.141932
3.838388
4.021955
3.745182
3.757411
3.960540
3.973581
3.982248
3.995480
4.049109
8.180717
8.883979
7.783214
3.957450
4.137831
10.843624
3.892329
3.849922
4.290986
4.050011
4.107180
9.357397
3.979599
3.951185
3.918637
4.039517
3.939849
3.852595
3.732747
4.299359
4.091382
4.099760
3.854876
3.851050
8.718195
3.963581
3.983137
4.058892
3.783771
3.749622
3.848366
4.075098
3.981578
4.090340
7.883655
4.072488
9.925745
4.007335
4.217769
4.258687
8.135149
4.047203
4.123612
8.337823
3.868859
9.606229
3.869863
4.043249
4.229867
3.898032
4.148117
4.065311
4.167182
9.321519
9.698049
3.896948
8.083094
9.164537
3.877117
3.900418
4.026523
4.008760
4.347044
9.680583
4.038192
3.991579
4.175204
3.829155
3.863568
4.063945
4.081057
4.189128
3.994283
4.046069
4.104777
3.920846
3.658735
4.038385
4.115914
9.789167
4.230722
3.765302
4.214385
4.008724
10.491513
4.016792
4.094091
4.005870
4.025000
10.314086
3.896742
3.617950
3.956609
8.744533
3.954600
3.950684
3.598899
8.491881
4.186981
3.755649
3.962917
3.999408
4.029080
8.936549
3.996254
3.805880
10.409071
4.122714
3.988961
10.310413
4.254857
10.943271
3.859536
4.108017
3.942560
3.897629
3.952904
4.112698
3.978978
4.131766
10.925873
4.070653
4.141647
3.850614
7.256426
3.981435
4.046648
3.950351
4.268041
3.849911
4.040578
3.996027
4.079885
8.834486
9.149895
3.900677
3.955141
3.963260
3.865871
4.047105
4.097516
3.928488
4.135038
4.078419
3.924473
8.651530
9.221893
4.048673
3.798056
4.115240
9.457571
4.056834
3.922434
3.865402
3.935430
4.086741
9.775529
4.073341
3.896741
3.836979
4.259393
3.998027
3.953540
3.770638
4.260785
10.632122
3.880236
4.015850
8.573934
4.043159
3.789649
3.985171
10.786771
4.168775
3.778118
4.000578
3.996675
7.195544
4.008603
4.035213
4.009984
4.129595
3.891328
9.715494
3.870893
9.672076
3.876749
3.845651
4.003478
8.447812
8.045896
3.942511
8.555235
4.199292
3.919333
3.866611
4.162627
4.155919
4.318421
4.001292
4.110248
3.961621
4.285014
3.999712
4.005387
7.643887
4.325920
4.081383
3.882273
4.005273
8.041338
4.191406
9.603891
4.031839
9.740096
3.794025
9.000510
3.689304
4.182916
4.021190
4.208287
4.097185
4.158512
3.953656
4.026393
4.156458
3.937015
4.105464
7.588113
9.643548
3.871726
4.025034
4.116004
4.053477
3.873536
8.455472
3.636188
3.987732
4.007465
3.733958
4.024558
4.155439
3.773503
3.990143
3.862429
7.815357
4.016007
3.656355
3.970671
3.893706
3.994384
10.548457
4.193351
8.994283
9.377103
4.030408
4.015848
8.786297
4.039116
4.113907
9.724967
4.145347
4.055010
3.966756
10.300363
3.958863
3.879714
9.845789
4.002771
3.677230
3.847529
4.021753
3.918359
3.949067
3.807307
3.993795
3.885789
3.983879
4.109383
4.152732
3.989810
3.999573
8.113194
3.650265
4.146543
4.075277
3.885412
3.847875
4.188358
3.745617
3.689200
3.947934
3.956934
4.030871
8.665997
4.211168
4.204069
3.868139
8.839840
3.948659
10.359033
4.053475
3.905873
4.186513
4.031688
4.098810
3.902741
4.211808
3.941250
4.007046
4.024283
8.636474
10.755832
3.997526
3.966933
8.608178
3.987924
3.835918
4.241450
3.974250
4.204646
5.319329
3.886891
4.205551
8.420563
3.815903
4.137357
3.826464
4.006109
4.147150
3.953209
3.883125
4.018498
4.077935
9.621888
3.938337
3.936330
3.991338
4.222923
4.264495
4.040350
9.812702
9.100076
8.896645
4.019327
8.966580
3.833462
3.757736
4.207266
3.998756
4.298284
3.686987
8.361727
4.273261
10.159951
7.154850
4.021458
4.114416
4.221501
3.906986
3.979759
4.007030
3.982271
3.853960
3.970741
4.038337
3.890861
4.003242
3.933899
7.760080
7.407118
3.665015
4.092654
3.957689
4.042853
8.470401
3.986338
3.991152
3.885135
9.946050
3.924283
8.849763
3.937552
3.883962
10.461910
3.881413
9.179606
4.088546
3.792087
3.887698
9.290260
3.946118
4.038080
3.868983
4.007284
3.792610
4.052301
4.161521
3.959103
4.068098
3.865918
3.915253
4.119937
3.866318
4.207652
4.087640
4.028854
4.082568
3.867298
4.025373
10.397424
4.206789
3.874208
3.799387
3.831351
7.806476
4.019383
4.241729
3.783023
3.822323
3.988323
8.854823
8.647110
4.182940
4.273689
4.008317
3.903230
4.060189
9.271755
4.068339
3.969391
4.235909
4.032793
3.964612
3.810150
9.755545
4.132993
3.983684
3.970917
3.947783
3.794581
3.968395
4.040533
3.729992
4.154518
4.003711
4.173743
3.861290
9.287592
3.939719
4.074139
3.934766
4.188733
3.824274
3.885041
4.269671
8.011452
4.041431
3.946449
3.669718
4.173217
4.108133
4.179738
3.852774
8.095254
9.585399
3.966761
3.970254
4.017275
4.152353
7.997647
7.893946
9.053692
4.161588
3.688275
4.061735
4.229053
3.916269
4.059673
3.851663
4.064890
9.067445
3.834450
3.848833
3.812321
4.005994
4.096679
3.776262
4.066182
4.165559
4.216934
3.958996
7.410701
4.033899
4.136100
3.996814
4.068859
9.360226
4.177236
4.040225
3.913395
3.910189
4.054769
4.215753
4.267225
4.067117
4.208590
3.878763
4.030192
4.156950
3.908174
4.019866
9.443769
8.570710
3.822307
4.070683
4.360842
3.919805
7.432617
4.158175
4.116899
4.157743
3.987017
8.368204
3.908582
3.910752
3.903691
7.936789
3.982588
3.935665
4.230983
4.000186
4.103766
3.955530
3.986649
9.883613
3.867266
4.069475
3.997582
3.966361
3.924544
3.792446
4.339152
3.978787
4.111227
4.068430
3.938141
3.642616
4.012844
7.302244
3.818859
4.137675
3.717963
4.111333
4.112750
3.920336
9.786676
3.823607
4.015969
3.933429
4.207633
4.052027
4.148066
8.355201
4.232662
3.973253
3.820712
3.890997
8.596416
3.943249
8.621837
3.579563
4.023582
4.010571
8.168585
4.065062
3.833435
9.439930
7.772961
3.662520
4.209117
4.153130
4.142187
8.913930
11.127719
3.935442
4.183794
4.033111
4.298105
3.963487
3.840071
4.126761
3.812460
3.915066
4.049352
3.991768
4.024021
4.047048
3.882137
8.665619
4.095480
7.013198
7.622326
3.769493
3.589975
4.055775
9.849976
3.977023
9.133788
10.638549
8.234822
3.930028
4.018266
4.324962
9.827191
9.174411
9.989021
4.017351
3.800763
9.611719
4.021084
3.807270
10.424390
4.055109
4.411846
4.143344
3.829151
3.826872
3.940732
4.176272
4.068927
3.927978
9.326120
4.164597
4.138592
4.244221
3.739945
3.947488
4.101752
3.740901
4.030338
3.918377
3.951581
3.990103
3.713186
3.851560
8.938658
3.923676
3.983811
4.158080
3.928785
9.526642
3.865072
4.045492
3.927556
3.996302
4.175710
3.870063
3.866324
4.088062
4.132334
3.994293
4.077995
3.874146
3.883413
4.090729
3.767738
4.054746
3.864323
4.199625
8.811982
3.747494
3.982286
3.839071
7.923352
10.122734
4.072519
4.141810
4.083640
3.877386
4.045756
4.043439
6.694773
3.890672
5.410655
4.039467
4.194514
3.856836
8.666332
3.932499
3.571765
4.105144
4.133898
4.021858
8.949564
3.925628
3.909052
8.765223
3.683400
3.908409
4.024482
4.128226
4.098519
3.895039
3.836484
10.054600
3.878459
9.080594
7.585580
4.133023
10.569696
8.464095
4.071221
6.914273
8.796780
3.895232
4.234847
9.248142
3.913092
4.324189
3.879773
3.831596
4.009116
7.713947
9.307943
10.475069
4.045949
4.256303
9.503789
10.401947
4.269643
4.050620
3.971652
3.997773
3.858837
9.266995
4.008929
8.298617
4.203993
3.915146
9.636421
4.208572
4.092847
3.844246
10.818507
3.804715
3.991722
4.094609
4.030159
4.144756
7.972099
3.909576
3.820859
3.924924
3.886407
7.477879
9.111541
4.152467
3.949184
3.971250
3.875949
4.308466
3.886054
4.195250
4.046069
4.129369
4.143999
3.932362
8.163496
4.021993
4.155297
3.981079
4.159354
9.811468
4.018602
9.717059
4.128697
3.904937
3.875511
4.110963
4.200052
3.850197
3.799647
4.045898
4.134110
4.036778
3.842988
4.072351
4.042730
4.086377
3.937693
3.918704
4.263316
4.235704
4.113614
4.076745
3.976019
3.901780
4.046716
3.931987
3.762982
4.078178
3.901878
3.882343
3.868003
4.028623
4.033769
4.044682
3.906383
3.868297
3.951975
8.449213
3.878415
3.972081
3.837093
3.778792
3.946624
4.114254
3.845419
4.108142
9.263284
3.899211
4.181551
9.643296
4.007434
7.732037
9.187600
4.077370
4.063244
3.982214
3.953191
3.996165
4.071440
4.083413
8.631044
8.245348
3.922645
3.855185
3.690141
3.979277
4.236158
4.022140
4.051313
3.959392
3.883190
9.448689
3.839907
4.158470
3.987259
3.791999
8.319126
3.889636
4.003458
4.026505
9.598323
3.816751
4.089571
4.116439
9.567544
3.718059
3.855981
4.145725
4.017957
3.944494
4.091284
3.923351
4.044107
7.567163
3.945174
3.976557
4.117809
4.073126
3.976760
10.320042
8.473522
4.051379
4.176580
3.718442
4.008317
4.167069
4.023174
4.224358
8.879348
9.103554
3.861265
3.952541
4.132524
4.214779
3.829082
8.097048
3.773065
4.359289
3.860276
3.662472
4.048278
4.056312
9.274149
3.818258
4.131205
4.011925
3.897215
4.026384
3.972441
3.798121
3.976096
4.089070
10.146268
4.272038
3.912911
4.035848
4.145810
4.125941
9.030442
7.835215
3.935525
4.034759
4.169458
8.726561
3.996939
4.030406
3.910407
3.914133
8.741067
4.042359
9.647250
9.204109
9.993764
4.207304
3.966221
8.159679
9.667199
9.251244
4.002826
3.842118
3.893622
3.879695
3.802751
3.916071
3.736026
3.954591
3.725302
4.166127
4.033903
4.148052
3.957763
4.319393
4.147078
4.042815
4.028955
4.107260
4.125181
9.048419
3.916577
4.293904
4.230022
9.911236
4.282900
7.523840
3.904174
3.968475
3.970130
3.949628
4.024949
3.830032
3.920196
10.695730
3.982997
4.130755
3.957482
3.723738
3.931663
3.998593
4.123093
4.015497
9.322170
4.078839
3.876566
8.953011
3.884846
7.814157
4.112571
7.367364
3.843325
4.050850
4.188417
9.449556
4.086550
4.086924
3.898881
3.977141
4.129104
9.882740
3.890993
3.772894
3.716049
3.991387
4.008087
3.907846
10.194493
4.021076
4.260238
3.974358
4.133840
4.043739
4.069610
3.972757
8.902332
4.155707
4.034300
4.188711
3.988837
4.237172
8.289267
6.332248
4.020650
3.999730
4.065610
3.868119
4.173748
4.135040
3.880910
8.366110
4.187628
8.258599
3.958491
3.710578
3.998247
3.846516
3.851826
11.868495
3.952565
8.217786
4.119837
4.123281
4.301516
3.947491
3.990122
4.040184
4.258006
4.040591
4.180130
9.117490
3.855214
3.955747
3.823511
6.700978
4.149099
4.269100
4.116689
3.793615
3.802904
3.993088
3.916763
4.111481
4.116089
3.897872
3.943034
4.226742
3.961661
4.160454
3.735199
3.928324
3.790606
3.811962
8.368165
3.745652
8.759382
3.807582
8.845590
3.868752
4.253656
4.170618
3.975316
4.171188
3.954546
4.169454
3.683300
7.764303
3.950304
3.947217
3.987458
4.042920
3.953183
3.973863
4.227245
4.022918
9.967520
9.292892
4.220653
4.057055
4.050940
3.961626
4.118011
3.988032
4.177641
4.016981
3.747928
4.061647
4.164145
4.196288
8.491061
3.999446
4.032044
3.911988
3.991902
7.448219
3.978043
3.993364
4.120035
3.903689
4.063607
8.623440
3.903424
9.332630
3.857784
4.253682
3.704884
3.795547
4.239726
4.035819
3.941194
3.834184
9.079405
10.094663
3.886024
3.945078
3.919921
9.242234
4.023273
8.631078
3.866174
4.099924
4.069648
4.061304
3.963720
3.869193
4.019677
8.285279
3.877408
3.712705
4.118984
3.617445
8.894205
4.053964
4.013388
3.945501
4.118737
3.831780
3.890869
4.394911
8.121427
9.845981
3.672640
4.023819
9.105656
3.754684
4.405174
4.155387
3.990482
4.102223
3.930509
9.162697
3.941693
8.385830
3.928744
9.879853
3.908182
4.150478
4.102076
3.673201
4.090989
3.681336
4.194480
4.054483
3.938271
4.095470
8.569279
9.840371
8.705214
4.063560
8.216247
9.860088
3.988523
9.881879
9.293703
3.933849
4.159765
4.282955
10.269977
3.869295
4.283686
7.778408
4.341342
4.024071
4.001983
3.852193
8.579868
3.951717
4.092442
7.539152
6.948784
4.223616
4.069433
4.110708
4.086083
3.970773
4.118825
4.076784
9.106172
4.113997
4.133297
4.132827
4.016442
4.148178
11.782966
8.606193
4.111328
3.999782
3.872016
9.917995
3.932787
4.092619
3.714214
4.060772
9.490669
3.926872
4.283589
4.032634
4.069508
4.064724
4.083874
4.082483
3.844486
8.722767
7.624594
3.998042
3.921326
8.332230
4.020884
4.004550
4.045128
3.767160
4.258501
10.521487
3.995825
4.042663
7.654340
3.903813
3.881991
3.776961
4.093627
3.916784
3.933207
4.054297
4.026917
4.071560
8.949490
4.092383
3.989339
4.375650
4.089710
3.985098
3.853644
3.899694
4.072444
3.982762
4.176988
4.023315
3.939998
3.907002
3.839395
3.965557
10.007204
4.018634
10.475420
4.207637
8.075380
4.023131
10.184343
9.485638
3.982928
3.972416
3.978174
3.694840
4.149680
4.082122
4.103724
3.999435
4.023768
4.085605
4.127810
3.919340
3.724083
9.540477
7.163219
4.000101
10.110582
8.146089
3.983426
11.076359
8.673822
4.118904
8.400473
10.006240
8.292674
3.922247
4.055901
4.118846
3.975660
8.379304
4.125406
4.226873
9.983575
8.495368
4.017418
3.921648
9.054500
3.956138
3.976697
4.174821
8.461502
3.969164
3.750084
4.067188
3.968488
4.078134
3.823343
3.923586
4.087334
9.189719
3.814829
4.034611
4.156656
4.039352
3.819084
3.854485
8.032482
3.954854
3.850412
3.919204
3.873134
8.460364
9.481156
3.980309
9.874131
3.898806
7.512016
9.658060
8.501976
9.770010
6.779267
3.856498
4.139731
3.867357
3.909469
3.894296
8.436915
7.422494
3.953511
4.038744
4.190590
8.951716
3.885746
3.949909
3.949760
3.996603
7.071087
3.733584
3.651527
3.940516
4.180204
4.003971
8.856854
3.848838
4.275565
4.075903
3.682571
7.563744
10.439822
7.390271
4.187697
3.829372
3.894342
4.056187
3.747266
3.885129
4.099282
3.893167
3.874425
3.906014
7.788597
4.036267
4.257577
4.024576
4.020984
3.847650
4.143625
4.216264
3.936504
4.026850
4.035668
3.912339
4.072815
4.171083
3.922021
4.011881
4.164574
3.925237
4.215247
8.589517
4.310541
4.120256
3.959999
3.943656
3.869916
8.369321
3.997109
4.161084
3.944474
4.289528
4.050581
3.943715
3.964243
3.938939
4.184110
7.931789
11.582927
3.787470
3.920179
4.031259
4.088513
8.085520
10.475152
4.003753
4.152506
8.467897
4.032261
3.965819
3.941737
3.979033
3.939354
4.253693
6.599943
8.852204
4.038857
4.053740
3.814527
4.291193
3.891001
3.776086
3.942214
4.008505
3.834998
3.887677
3.870758
3.787457
3.934778
3.941464
3.800047
3.745392
4.046942
3.677041
3.868556
3.659764
8.857740
4.180038
4.311829
4.093621
4.385256
3.915378
3.923976
3.917325
3.991794
9.944273
4.077674
3.998504
4.068466
3.928193
6.942800
3.823852
4.218343
4.107135
4.323318
4.027902
3.859423
4.025676
9.885641
4.076559
4.026399
3.937753
4.128128
8.089919
3.969372
4.194233
3.920400
3.984097
3.920801
10.571110
7.203423
3.963135
3.969063
4.006296
9.397165
3.899384
3.976872
8.610536
9.908635
9.532075
3.920353
10.595260
4.073111
3.916694
9.888904
3.869736
4.021416
4.260856
3.856840
4.071589
4.033413
4.046964
4.047311
4.079971
9.776606
4.245343
3.928925
4.120430
4.202204
3.988435
3.949571
3.893448
4.062739
4.080807
8.601064
4.043866
3.883903
9.008902
4.198840
3.742310
8.514862
3.883871
3.813703
4.152059
3.805863
4.161282
4.263214
4.100059
3.911387
8.410541
4.172737
4.116186
3.909978
4.024331
3.933022
8.604347
4.039217
9.117263
4.014520
4.141129
3.931119
3.817314
4.110909
7.816592
4.060389
4.156369
7.856291
3.933771
3.981673
3.849341
3.871608
4.012817
4.012207
3.921843
3.743364
3.867380
3.922970
3.958511
3.957103
4.068927
3.816221
4.134550
4.053815
4.179527
3.929212
3.874451
3.890976
4.073072
4.047216
4.123074
4.019096
3.857060
4.029983
3.756510
3.982342
3.917913
4.040240
4.026120
4.011469
3.896515
3.936199
3.912156
3.977293
3.875905
3.852800
8.956504
3.860450
4.096255
3.843204
4.160571
3.873876
8.797359
3.986969
3.743158
8.699670
9.784555
4.031754
3.904731
4.174525
3.899804
3.907638
3.861651
8.060401
8.817055
4.175218
3.840892
3.982615
4.050141
4.100535
3.942995
4.228275
3.752661
3.987316
3.913980
3.761659
8.065461
3.832239
8.274536
8.300497
4.197134
3.680469
4.146137
4.082913
3.941897
4.012663
4.022437
3.722845
7.954075
4.129904
4.170115
4.108775
3.703330
4.032811
3.795928
3.978992
4.448859
3.967003
3.892746
3.958626
4.072210
9.166560
3.929304
4.047483
9.665856
4.005138
4.073794
4.011137
4.004410
7.936719
11.876100
3.687663
8.683929
8.920927
4.063435
4.276521
8.107820
4.039441
3.917697
3.970024
9.648221
3.907436
3.959769
10.133164
3.949772
4.083268
3.981383
3.933698
3.868599
4.172587
11.821466
8.487282
4.080557
3.878236
4.028479
3.868442
3.889298
3.773374
4.180938
4.004406
4.098399
10.321774
3.932100
3.872628
3.851454
4.257073
7.545104
4.096376
4.120916
3.832757
4.157616
4.017365
4.026630
3.986470
4.076111
8.140222
3.987619
3.878706
4.141915
3.827102
4.072471
4.064664
3.834447
4.062512
8.637755
4.172761
3.787612
3.962848
9.163596
4.220588
11.157246
9.404387
4.029587
8.589107
4.074080
3.966170
3.992826
3.944251
3.879803
4.134406
4.100005
3.925317
3.872208
3.815763
4.201772
4.050141
3.998567
8.563256
9.529927
3.926603
3.893036
3.947249
3.874916
8.841228
10.063176
3.838219
3.899741
8.216120
4.291553
4.108437
3.927500
4.065318
8.733013
4.165522
3.814493
4.149643
3.926711
3.804086
4.028973
3.819071
4.007352
4.033053
4.084147
3.908030
3.962095
4.135815
9.257001
11.658858
10.923484
3.934859
4.034319
3.832023
9.794450
9.991489
10.998470
8.625225
8.231726
4.273991
4.032232
3.961713
9.004899
3.896399
3.973250
4.002229
4.125575
3.946809
3.809561
4.227847
4.159799
4.046597
3.863245
8.150449
3.956339
4.362889
9.932210
3.925775
4.147479
9.627076
4.267701
4.021257
3.899996
3.903823
4.173446
3.899092
4.014821
3.927760
3.943393
4.188658
3.985012
4.162923
3.965606
3.963066
9.724197
3.954105
4.293578
3.903732
9.048514
4.199048
3.958345
3.845930
3.738259
4.289051
3.893508
10.341044
4.048405
4.115102
4.237342
4.185601
4.151859
4.068094
7.307127
3.923340
8.268828
8.054583
4.076351
8.624632
4.004737
9.318199
3.980618
4.063559
4.183578
4.095258
4.019813
4.208673
3.953905
3.893329
4.035874
4.001118
4.064906
7.266063
4.088308
4.194143
8.389815
3.827739
4.018035
4.154592
10.967575
4.032859
3.994032
4.049322
9.186280
3.873197
8.894954
3.872355
4.076037
9.337893
8.748658
4.088210
7.815468
3.984408
3.966282
8.332347
9.069000
4.063221
3.930689
8.501286
3.891455
3.967715
8.622373
4.213088
10.520035
3.685541
3.910720
8.580132
4.015169
9.213625
3.805454
3.844653
3.887730
4.031537
4.038412
3.932292
3.839792
4.167319
8.649845
3.970481
3.871721
4.045399
3.906106
4.201105
4.175770
3.544727
4.155318
4.069220
4.087764
4.276458
3.927474
4.115428
3.778823
4.038357
9.236909
7.602392
3.981012
4.000914
7.958653
3.666495
4.037853
3.649466
4.063494
9.032869
4.206975
3.835298
4.235614
4.125755
3.896616
9.946603
4.244912
3.972100
3.906513
3.994726
3.980652
4.224742
3.863035
4.248135
3.952285
7.698086
3.934911
8.934218
4.037830
9.077073
3.925495
3.956357
4.068435
3.917042
3.852267
3.859654
4.260500
4.018918
4.065034
4.070635
3.855094
4.052857
4.059884
3.860589
3.924610
3.783830
7.823871
4.162341
4.245626
4.140496
3.983598
9.058021
8.933211
4.066200
4.189871
9.044615
4.155265
4.210326
3.927382
4.043098
9.111101
4.152439
3.933936
4.094610
4.158176
3.973455
3.957077
4.092555
4.054511
3.690076
4.058806
4.032797
9.018466
4.027863
4.118323
4.182894
3.890406
8.197420
3.914109
3.931221
3.825520
3.870083
4.040095
3.893510
3.839100
3.995058
3.886697
3.792939
4.051610
4.103545
4.074475
4.300122
4.120966
3.905571
9.732804
3.980896
3.767789
4.174736
3.970422
4.117240
3.781759
3.766722
3.948020
3.946413
4.023073
4.003079
9.887477
3.954338
3.959683
4.040619
3.913739
3.908038
3.968166
4.142662
4.025032
4.119252
4.025062
3.916546
3.869383
4.314631
4.173456
4.149695
4.078881
3.969960
4.012495
9.005625
8.890465
3.774236
3.916709
4.227076
3.995315
4.222619
7.914276
4.199508
3.989355
9.543445
8.219033
4.090472
3.903465
3.930862
4.168599
4.222732
3.824773
3.930565
3.911441
4.001075
3.999983
4.064375
3.913903
4.062857
9.526773
8.088400
3.808493
3.809846
4.173272
4.030777
4.011656
4.101803
3.876086
4.000284
3.971163
10.682391
3.907419
4.141895
3.952707
4.233270
4.024914
4.103675
3.926592
4.034536
3.981461
4.170596
4.089296
3.988897
4.065767
3.849807
4.135233
4.014647
3.899387
4.163309
3.631205
4.011939
4.241485
3.889780
10.297614
4.043154
4.171212
3.937489
4.190688
9.724819
4.193545
3.946964
9.244112
3.987787
4.421891
4.289442
4.133752
4.101741
3.841265
4.107664
3.797118
4.054174
8.508568
8.813705
4.008136
10.069036
4.078879
8.617064
3.881364
10.217044
3.855542
9.224095
3.830592
4.091309
4.005275
4.227459
4.295219
4.159839
3.874615
3.852344
3.789658
4.124863
9.658892
3.986634
4.067317
3.939622
7.464289
8.155441
3.970069
4.140421
4.081371
4.017149
3.952543
3.970717
3.909997
10.645422
3.902242
4.222312
4.212063
3.783158
9.276636
9.083418
3.863999
4.303964
3.875736
4.161746
3.812987
3.991892
4.113737
4.078663
8.048904
9.722085
4.044456
4.165881
3.790329
3.902802
4.119032
4.303907
4.004584
4.113351
9.360272
3.916589
3.992739
3.933967
4.028879
4.014773
4.033297
10.223627
3.882048
3.999909
9.287834
10.080495
3.915238
9.094179
8.956529
4.096368
4.050721
9.616227
4.146681
3.924495
3.924414
4.133229
3.999529
3.885316
3.914347
4.220499
3.943657
4.123444
3.870214
4.036536
3.931266
4.012975
4.041744
3.928106
4.015941
4.166017
4.050590
3.816640
4.032669
3.949556
8.927566
9.212830
3.974061
3.842327
3.859280
4.037756
4.040480
3.894886
4.022981
3.911051
4.072911
7.861040
9.260733
4.212878
4.005201
3.957441
3.806722
4.157848
3.944681
9.461672
3.762657
3.990904
3.794447
3.871614
7.345752
3.952764
4.017171
4.079738
4.060792
3.931034
3.849433
4.036986
4.111618
3.863445
6.208755
4.002687
4.013353
4.115809
8.092788
3.974421
3.738026
4.133170
4.021062
3.817508
8.802412
3.958735
3.991797
4.156117
8.054408
9.859481
3.802011
4.098697
4.111495
4.196466
4.038835
3.867443
3.997860
3.870213
8.272196
10.710064
4.047070
10.185156
4.007057
3.991005
3.973382
4.105975
3.867302
4.123537
4.107039
3.882237
3.958534
4.024808
11.391657
3.853223
9.078297
3.866964
4.185236
4.190432
4.010261
3.997680
9.118102
4.029456
3.945351
3.911069
3.932093
3.870743
3.803726
10.386794
4.030122
3.978062
3.831470
3.966905
3.989706
9.440351
4.106225
3.782579
3.930351
4.041764
4.025015
3.746615
3.917308
9.003673
3.864347
8.232277
4.147966
3.997376
3.865585
4.126164
10.337335
4.086521
4.172307
3.909941
7.861350
4.104654
4.012405
3.894019
4.021832
4.063726
4.123393
3.780071
9.505871
3.918157
9.641830
4.005625
3.891217
4.081242
4.126516
4.104085
9.222690
8.628593
4.236061
4.072089
4.132406
4.030000
4.069889
4.168202
4.241349
4.093273
3.843555
3.949830
3.750950
3.954189
4.212509
7.531802
3.952034
3.778968
8.608157
10.594813
4.033411
4.134199
4.252525
4.068980
3.977797
4.133603
3.672810
3.921068
4.041906
8.807862
4.139202
3.885897
3.975573
4.161918
4.069594
8.792377
3.896369
4.114908
9.324785
3.928422
4.116911
4.207967
4.149587
4.221774
4.012338
4.025978
3.887921
8.956900
3.904781
6.915968
9.330412
3.770433
4.219739
4.020184
3.894909
4.090988
3.671652
4.137618
10.096317
7.775032
4.145187
4.096003
3.939125
8.882472
3.802804
4.025760
4.021572
10.581258
4.165181
4.007856
4.200239
4.188243
3.618198
4.279098
4.051402
3.792125
3.677078
4.081218
4.102736
4.011804
4.011274
3.943331
3.865065
3.967569
3.839499
3.850303
3.986667
4.290499
3.854432
4.045094
8.377830
3.958491
10.570024
3.968577
10.454244
4.041116
3.871295
3.879980
4.004599
3.934597
4.390226
3.896856
9.002638
4.166593
3.912115
8.522322
4.037961
4.080219
4.027930
4.036839
10.856451
9.428691
4.152203
3.922232
4.075873
4.088016
8.387004
3.757049
3.883162
4.049807
8.769541
3.982329
3.965767
4.010821
4.011160
3.853497
3.902107
4.137414
4.380027
3.990210
4.196874
3.851981
10.212811
4.015653
4.142870
4.155490
3.951118
3.931955
8.140987
3.707121
3.864679
3.800742
4.031457
3.932307
4.076827
3.991408
7.506154
4.086783
3.901689
3.948143
4.027683
3.918843
8.568318
3.863352
4.179195
4.020866
4.089173
3.657692
4.253145
3.922667
3.947933
3.981165
4.003697
6.336249
3.724983
3.999949
11.201063
3.886281
3.994615
4.184650
3.929589
8.843445
4.053373
3.995456
4.069513
3.703578
8.255316
4.022520
3.827170
8.875653
4.222511
4.066068
4.132987
4.039656
3.921323
4.060588
4.073128
4.213872
8.721663
8.442731
4.056509
7.003737
8.890704
4.046807
3.938117
4.044338
4.135901
4.034928
4.165834
4.036843
3.541476
4.164383
10.026023
3.729392
3.964007
9.622257
4.117481
4.087099
4.032185
3.747305
3.715087
8.473520
10.545544
4.107451
3.885874
4.128173
8.536364
3.980614
3.998331
4.010230
9.145285
4.010644
10.155331
4.302087
4.121533
3.959204
8.610475
3.972770
3.805331
3.996370
4.140466
4.131366
4.042617
9.842405
3.958510
4.288492
3.686379
10.157620
3.972104
4.024434
7.446206
9.711608
4.014899
10.238984
4.011231
4.100508
4.086451
4.316436
4.052744
9.619427
3.941424
11.365517
4.049723
4.174788
4.172905
3.903639
3.969894
4.213328
3.945244
3.892079
4.038067
4.002168
3.851597
3.945307
3.835335
4.241219
4.163395
3.708428
3.945987
4.189255
3.941756
9.343906
3.968359
4.030026
3.609704
4.120068
3.989368
9.047870
3.911025
4.065175
4.241200
4.127029
3.982447
4.118321
3.911753
4.161059
4.334705
3.979054
3.895002
3.953247
3.790064
3.744196
3.993097
7.284924
4.032941
8.737405
4.074262
3.727935
4.106034
8.559106
4.201085
4.056668
7.721498
4.200347
8.148205
8.420661
4.137943
3.826238
4.234368
4.353345
3.918261
9.058280
3.632042
8.430083
3.868015
4.185543
4.315761
7.542845
4.373421
3.592416
4.296340
7.802034
4.088338
4.266468
8.409936
3.973034
4.074940
4.079780
3.725182
4.196773
3.999957
3.974167
3.893055
4.018501
4.045298
4.072542
10.370567
3.995534
4.219453
10.602638
3.951176
4.155845
3.946578
3.769459
10.487582
8.344531
3.910507
3.963496
4.252029
4.069052
3.886269
4.090666
8.582119
8.919047
3.878065
10.262995
3.897203
3.941459
3.860595
4.034075
3.894616
3.777310
4.052695
4.321752
3.895709
3.775405
3.993346
11.225307
3.930061
4.057942
3.990317
3.947505
3.999600
4.115931
8.978396
7.637726
9.383855
3.898818
3.902512
4.162656
3.846795
3.826843
4.258216
4.179784
4.067446
3.989046
3.949319
3.954956
4.060759
4.054283
4.092331
4.063760
3.869135
4.210883
4.106941
3.969449
9.561519
4.036168
4.083694
3.900419
4.141755
8.264770
3.964756
4.034598
4.167577
10.085299
4.284649
3.839687
4.011745
4.015283
4.096958
4.065636
7.213542
3.892982
4.043257
9.904202
4.100964
4.050300
4.010552
8.882671
4.246673
3.949141
3.988149
9.501663
3.830470
7.484577
3.897848
3.990004
4.179235
3.869271
4.336474
3.914759
3.987424
4.026545
3.963187
4.014958
9.278586
4.218085
4.063020
3.766513
3.895692
4.174729
3.960676
3.915081
4.013558
3.876542
8.751872
4.124690
3.968438
3.945709
4.114554
3.888551
4.253160
3.869036
3.929382
3.904875
4.093526
3.933169
4.045074
9.066632
4.110879
8.203702
4.105974
4.092425
4.109492
9.042454
9.676494
3.707998
4.179905
4.261430
4.136927
4.330536
3.976602
3.985963
3.883716
8.092263
4.012350
3.764943
8.406836
8.516768
3.999954
8.865305
4.052369
4.067698
4.006398
7.773801
3.988606
4.184095
3.929883
10.047276
3.921278
3.989556
4.060048
3.995598
4.158098
3.780276
4.273941
9.710310
3.945882
9.087204
3.862449
3.997383
3.657489
10.647386
3.960496
4.049638
3.837304
3.850929
3.901683
4.011216
4.020411
3.862445
3.988971
3.771567
10.022224
3.887901
3.876302
4.079221
4.159354
3.898791
4.048370
4.338770
4.156379
4.312605
4.239749
8.676856
3.791859
4.105997
4.059777
3.943846
4.160720
4.329754
4.066929
3.750297
4.014977
3.944453
3.730998
9.606657
4.121457
11.720459
3.871185
4.262515
4.011424
4.251100
4.003147
3.971035
9.431012
4.075622
4.065946
9.145069
4.008327
4.175870
4.152182
3.915012
4.120719
4.053192
3.818500
3.907775
3.864589
3.983365
9.094284
9.914988
4.004415
3.858592
4.009427
4.146973
9.573331
3.995142
3.993957
3.702946
3.955048
3.982150
7.542417
4.067653
4.017980
4.020321
4.153889
10.207320
4.144588
4.025440
3.990174
3.994109
3.875447
9.831872
3.807104
7.237326
3.669570
4.152134
3.836511
4.189132
4.058344
3.737036
4.017332
4.039268
4.040393
4.043473
4.223595
9.348574
3.945548
4.191892
4.052511
3.958205
4.080772
4.132945
3.860130
4.154147
4.126025
3.897554
3.986867
3.976082
8.155444
3.904420
4.024243
4.086567
3.880504
3.964045
3.827102
3.991486
9.126900
7.628167
4.118213
9.918663
7.688355
3.964814
8.768793
3.985320
9.328587
4.244174
4.180790
4.133435
4.125692
3.967706
3.829528
4.028334
4.108504
3.778548
9.591983
4.147648
4.104984
3.694293
4.276135
3.814277
3.878221
4.071479
4.113903
4.390156
3.898194
4.227553
4.041264
4.055605
3.890461
4.175376
3.912334
11.123151
4.047022
9.710821
3.907371
4.155069
4.005811
4.102415
8.103541
4.155763
4.024393
4.154583
3.827195
3.836073
4.014714
3.906944
3.827754
4.057035
4.006658
3.956127
3.867563
3.923707
8.701644
4.041807
3.895363
3.891749
4.134347
3.826837
9.636069
4.211897
3.947600
4.040670
4.084026
4.221757
7.093980
3.924661
9.320484
9.050767
4.106835
3.963865
3.876226
8.940447
4.326186
9.129572
3.957140
7.162715
4.050998
10.483245
4.050568
4.059554
6.680513
3.925678
3.838102
4.177824
4.278881
7.765316
4.160366
9.468132
3.957429
3.905667
4.164900
8.870730
4.133409
3.906046
3.998830
4.006539
4.013801
10.057025
7.582748
3.813822
3.990473
4.026384
4.008035
4.141563
4.060484
3.773403
3.959265
3.889354
9.258284
4.046065
4.035357
4.270031
3.752255
3.998312
3.945571
3.955501
9.214046
4.030718
3.905474
3.938861
8.458963
4.169524
9.747831
4.027267
3.873328
3.845290
3.929348
3.830978
4.223065
3.898115
3.935646
4.422667
4.035042
4.040434
9.778121
4.292206
3.879414
4.272355
3.729879
4.016475
4.048825
4.007486
8.952103
8.646126
4.067477
7.996740
4.029783
3.951015
3.967828
4.159904
8.675726
3.846146
4.338726
4.082461
3.965614
3.875615
10.413859
3.887547
4.277948
3.935805
3.983130
4.031959
4.027079
4.320631
8.827766
4.066049
4.145395
4.012342
3.823300
3.936678
8.638006
9.810304
9.022028
4.055117
8.219403
3.725223
3.663175
4.100763
4.379700
3.890423
4.024031
4.080288
7.916815
9.052932
8.290492
3.909568
3.980446
4.164580
3.960996
8.224248
3.890999
4.241852
9.220079
3.820688
8.791616
3.798018
4.281551
4.024120
3.824429
3.969451
3.992967
4.165906
11.074897
4.134708
3.952943
8.902214
9.581297
3.560840
4.001479
3.942372
8.182135
4.214774
3.965420
4.197554
3.677773
4.191767
8.801402
3.954569
3.743012
8.879233
4.015353
3.671340
7.811885
4.185228
7.245680
4.085583
9.128715
3.997221
6.867572
3.976831
4.192762
4.026005
4.082348
4.173529
3.860892
4.046903
3.903351
8.824913
7.947649
3.832625
3.977311
3.724221
4.063265
3.878851
4.107855
4.092002
4.008387
4.188701
3.979876
3.951088
4.289431
3.778279
3.957258
4.095831
4.206315
3.851266
3.860370
4.220499
3.838603
3.996020
4.223770
4.073192
3.923548
4.041795
3.953113
3.837274
3.901202
4.116837
3.922018
8.937844
3.917662
7.657930
4.093315
3.908625
8.434567
3.851092
4.119947
3.871982
4.133576
4.003846
3.913521
4.030024
10.139739
4.178763
3.861155
3.704154
4.126261
4.086559
3.887873
3.926289
3.848284
3.807567
8.734568
4.046816
3.981926
3.972195
3.902313
9.429924
4.121001
4.110003
4.240282
10.376694
4.007765
4.099315
3.938843
4.045082
3.719320
3.631125
4.123862
4.047423
3.937379
3.912174
4.146405
7.639131
3.854531
3.773533
4.067402
7.158335
3.994224
4.010699
4.091333
9.658340
4.112835
3.976798
4.057640
4.162176
8.359772
3.944187
4.054508
3.900669
4.135180
3.681101
8.085643
4.103243
4.024654
3.837190
4.036351
3.839134
8.276208
3.960060
11.346124
4.061551
4.005473
4.079756
7.399425
3.865268
3.871968
4.018749
9.003027
3.942643
9.555476
4.004069
4.348606
3.889627
3.785656
3.827346
3.754863
9.008272
8.707447
9.193595
3.960198
4.009838
3.877748
3.985916
3.925910
4.127245
4.009884
4.074897
7.490355
4.063550
3.824084
4.153343
3.990274
3.988337
4.123494
3.807737
9.054624
3.945630
4.075892
4.011449
4.017127
4.203037
3.864299
3.984299
3.781370
3.959252
8.516231
3.828699
3.752922
6.318774
4.184188
3.821372
3.980094
3.851573
3.967935
9.655923
3.984881
3.721261
9.759463
3.947701
8.402335
4.146771
4.161170
3.884431
4.124264
3.811246
3.996571
9.879176
4.147906
3.770385
4.103350
3.967249
4.070712
8.928879
7.034201
3.834167
4.106606
3.814457
3.926243
3.904188
4.241352
3.906347
4.162006
4.199550
3.972179
3.929732
4.261336
8.933035
3.902807
3.793625
3.972644
4.369202
9.923534
3.959706
3.982968
4.126066
3.931873
4.074319
4.118473
4.000546
3.973412
7.425340
4.043785
10.294843
3.993732
7.714813
11.359901
4.071471
3.856884
7.580358
9.485267
3.892057
3.877593
4.008990
3.956827
3.991966
3.761948
4.214530
8.837997
7.844702
3.933960
3.893363
3.930430
4.020024
3.640745
3.780747
4.174740
3.958204
3.883911
4.374942
3.874039
7.745180
9.437982
9.956378
9.577594
3.973503
4.128579
4.013789
4.236485
7.957218
4.064559
3.955255
4.174769
4.053454
3.817723
3.972724
4.126597
4.096661
3.978664
8.933688
4.146124
7.807736
3.942524
4.221595
3.920859
3.923170
8.871653
3.959727
3.943760
7.992859
7.947631
4.250708
3.961293
10.418870
4.136424
4.053807
4.074360
3.605618
9.472820
10.656549
3.843738
8.724410
4.161370
8.293572
4.009026
3.931716
4.012826
10.195483
4.073476
4.064159
9.320705
3.955186
3.749314
4.046259
3.909717
3.827329
4.045988
3.904969
3.685292
4.081075
4.088522
4.232249
8.563161
4.053495
3.979398
6.493717
8.531750
3.814267
3.889972
3.863169
3.863904
4.148295
3.970751
3.788733
4.046586
3.977694
3.938189
3.907703
3.979971
3.891476
3.924400
3.859818
4.125528
4.083964
4.193745
4.036922
3.895280
4.228365
4.039681
3.994118
4.030939
3.988720
4.072873
9.918028
4.078333
3.968653
4.112697
4.037982
3.921776
9.477635
4.102145
4.043884
3.901077
4.352092
3.984995
3.935393
3.844212
3.860556
8.563958
3.795607
4.186246
7.004120
3.930664
3.872355
9.660904
4.170151
3.948916
4.015739
10.548580
4.042948
4.016710
8.999180
9.757462
3.704052
3.943577
3.813601
4.001033
9.260178
4.157088
4.193265
3.893968
3.854331
3.747168
8.508372
9.292856
3.932276
4.052750
4.087742
10.052493
9.293404
3.833170
4.000542
4.037268
3.916729
3.890794
3.855192
9.121052
4.038963
3.826877
3.895409
4.043994
3.996471
9.195504
9.825725
4.099085
3.992713
7.312506
4.080251
4.128226
7.634279
3.838259
3.935892
3.993368
4.118248
9.018427
4.075439
4.130216
3.953732
3.925024
3.988023
4.042241
4.100543
7.809351
7.960616
4.116960
4.171336
4.133680
3.828719
3.976688
3.882265
10.892129
8.155865
4.058040
8.506773
4.130295
9.268217
3.929670
4.080315
4.102483
3.906592
10.257201
8.263480
3.882700
4.241702
4.035003
3.954133
4.132490
4.135219
3.911717
3.954341
6.783268
3.840293
4.170346
3.945029
4.166555
4.347701
4.014438
3.994639
3.925568
9.238723
4.168635
7.186142
3.988322
8.277071
3.954189
3.920455
4.182331
3.851427
3.807141
3.587072
4.210220
3.929390
4.160529
7.078799
4.005308
3.848684
7.625461
4.007285
4.131022
4.159646
4.005106
3.916541
3.617273
4.047283
4.115686
9.913987
4.133158
3.956441
3.845572
3.845038
4.006860
3.853706
4.110708
3.718457
3.736484
3.881192
3.464648
3.973686
3.957619
9.014931
4.174313
3.968356
4.151254
7.663890
3.913148
11.015769
3.963281
4.021812
4.179074
4.062682
9.347224
8.535399
4.148690
10.041688
3.836393
4.183559
9.111455
3.697771
8.038630
4.005181
3.845216
7.380893
3.976612
8.282334
3.882912
4.029967
3.986664
3.880692
10.814500
4.224718
3.975720
3.989214
4.093173
4.111785
8.684965
4.136977
9.269752
9.152176
3.860560
4.320439
3.884332
3.708612
3.921811
3.787958
4.274328
9.925356
7.798521
3.844916
4.010099
10.204231
3.759859
8.060033
8.938594
3.771489
8.447671
3.939795
4.127879
8.407305
3.941581
4.239359
4.167273
3.767117
4.281200
4.070974
8.013036
3.773608
3.965946
4.069151
4.104392
4.359215
3.867815
3.841477
3.935935
3.913907
4.124828
3.903759
3.743193
3.871877
3.938983
4.062752
4.120007
3.974425
3.993727
9.600214
3.871389
4.134783
3.954438
4.037672
7.675835
8.551855
8.176635
3.914303
3.906612
4.167120
3.914897
3.977091
9.034027
4.029979
3.791101
3.885270
3.963651
3.881511
4.166642
7.527078
4.047899
4.019196
9.402288
3.990476
3.974641
4.068392
3.898369
4.114416
3.681194
3.686050
3.923266
3.887009
10.014189
3.946053
4.282877
3.934440
4.030026
4.120185
3.978243
3.973352
9.397240
8.314111
4.098090
4.081516
3.799091
4.128707
3.820276
3.870438
4.146415
4.256569
4.043514
4.119487
8.951098
4.155888
4.034516
3.837142
4.069606
4.121753
3.847501
3.930224
3.899871
4.016566
3.926514
3.995453
4.040314
3.745986
4.057525
4.228353
3.896942
3.907485
4.090978
4.113974
4.077149
4.231118
3.726443
4.040081
9.134362
4.208581
4.025989
3.954592
4.081429
4.048946
3.922494
3.874653
3.811792
3.919980
3.929315
4.358618
3.943628
3.893327
4.122833
4.178299
4.110055
3.852719
3.768755
8.786902
3.884793
3.941180
11.236197
8.720673
4.188326
8.772320
7.749721
3.918224
4.114198
4.001753
3.845096
3.866329
3.981279
4.181971
3.967394
3.954342
4.183240
3.685261
3.889936
4.007238
3.830937
3.995658
3.948207
10.094090
4.334683
7.398276
11.183601
3.804651
4.004783
3.884042
3.839111
3.798231
8.454125
3.915016
4.257814
3.935214
8.813829
4.242913
3.911255
4.136277
4.070427
8.608271
3.867203
4.071352
4.225285
3.827964
6.619110
10.633279
4.144302
8.997645
4.058562
3.858117
3.942887
4.007885
4.127886
4.237881
3.918851
4.140119
3.736416
4.204058
9.600093
3.704128
4.126260
3.905663
8.115764
3.988419
8.687885
4.049680
7.977913
7.363747
3.917406
3.960542
4.059932
8.992769
3.905935
4.230468
3.930082
3.939837
7.922344
4.075725
4.038139
12.480698
4.038549
4.063871
3.783529
3.763038
3.977142
3.844395
4.211226
4.017792
4.139641
4.002197
3.884441
4.089151
4.072579
4.053570
3.912637
8.399197
4.100316
8.363559
4.029206
9.136352
4.049847
3.971014
9.986990
4.005533
9.695125
3.893530
4.104059
3.946249
3.969585
4.097759
3.708841
4.004661
3.989397
3.974623
6.660909
3.717275
3.956708
3.830917
4.053934
4.055886
10.273127
4.058956
3.987992
8.193050
3.775281
3.739985
3.894019
4.044931
3.944754
4.143036
8.161814
4.064897
4.078572
3.952674
4.175615
4.177029
10.838904
3.983184
3.968953
4.185333
8.526379
3.995293
4.079113
4.252559
3.866119
3.868861
3.892738
4.085530
4.071262
4.019217
8.660322
3.915522
3.795927
3.976732
4.042930
10.284031
8.146941
9.612411
3.880521
3.932645
3.909864
4.147299
4.044448
4.035498
3.853232
9.179649
4.008266
3.963151
9.138267
10.249996
3.675327
4.129676
4.002444
3.949603
4.063364
4.018009
3.954281
3.778245
4.061859
4.023355
4.052826
8.580189
4.114066
3.995630
8.593474
3.916828
3.823848
4.034903
4.278045
3.873004
9.341803
3.998797
3.808499
3.840609
9.223925
4.125627
4.045547
4.532906
3.760542
8.561939
3.875925
8.061149
3.947187
4.006668
3.868452
3.935105
4.044650
4.074466
4.141564
9.698313
3.939771
9.986950
3.878297
3.848839
4.013252
3.941589
3.967247
4.051131
3.821031
3.941249
3.996975
3.955261
3.601207
10.088895
4.149160
9.549498
4.107260
3.953535
4.040315
4.000479
3.654561
7.299084
9.385573
4.314874
4.228663
4.184837
3.836277
3.911419
4.196069
3.991387
4.053557
3.949275
9.962209
3.950625
4.014656
9.056460
9.212909
4.114732
3.836365
3.883521
3.918096
4.229866
3.681647
8.660801
3.948352
3.876341
3.969318
3.923381
3.913709
9.541837
3.880458
3.776964
3.949176
4.083988
4.128105
8.389389
4.070737
4.036079
4.035541
3.908869
4.201786
4.000201
4.107836
4.185493
3.880230
4.010692
4.071114
4.110442
4.217000
3.810211
4.009859
4.164816
4.010411
8.103428
3.963597
3.872070
3.994102
3.907744
4.138850
3.737236
4.249104
4.443963
4.180264
3.690458
4.005897
10.079179
4.007997
3.886577
4.044485
3.807607
3.963972
4.156585
4.049797
8.909828
4.004407
8.678588
9.790345
4.113605
8.503006
7.797030
4.067246
4.203185
9.653134
9.327979
4.013310
4.112160
3.911384
3.753929
3.729012
3.977209
3.887457
4.233201
8.756193
8.318988
3.820980
4.005311
8.584326
3.953761
4.014972
8.895739
3.868057
4.066122
4.095574
9.598804
4.091772
4.035782
3.873479
7.347711
3.999457
4.031764
4.145066
3.950210
9.124024
4.038497
4.107420
3.840649
3.761294
3.935748
4.087460
4.057651
3.736759
7.938447
3.915216
3.976869
3.976351
3.981187
3.962119
4.082733
4.055629
7.674965
4.030379
10.517235
7.897622
4.115865
3.908693
3.716065
7.557876
4.145037
4.244453
4.175286
4.012078
3.816000
3.954812
3.966318
4.083950
3.762482
4.040431
4.014778
3.731474
3.923394
3.901587
4.075208
4.101974
10.688256
4.237125
4.132375
8.874427
7.136924
3.843268
3.993910
3.831311
3.745008
7.835052
3.763577
3.966409
3.760104
4.002468
4.099034
4.024886
4.337229
3.962796
4.086712
4.179609
9.254566
8.342335
4.042634
4.079003
4.106827
7.716410
4.007632
9.227113
8.755487
3.848210
3.740875
4.177561
3.841532
4.117368
3.912424
9.033205
3.814439
3.869458
3.914161
9.327457
3.861641
4.070099
4.106152
3.982410
4.024877
3.821662
4.124740
4.180099
3.885431
3.900247
4.057936
4.336479
3.978757
3.848673
4.038469
3.979617
10.090048
9.597621
3.942432
3.920793
3.853166
3.995203
9.276200
3.915501
4.024468
10.140742
9.936612
4.152184
10.388177
4.343150
3.920448
4.143202
8.905485
6.962365
7.644209
3.915629
4.068310
3.784988
4.071447
9.286428
3.630671
4.078369
7.217351
9.153112
3.996176
3.993291
4.188632
3.965647
3.881663
3.981999
3.769975
4.004611
3.906812
3.794492
4.140218
3.900284
3.759399
3.854369
8.709164
10.090581
3.783733
9.769923
3.626665
10.677967
4.043550
4.016266
3.881795
7.556425
4.107793
3.890551
4.142256
7.451586
3.974345
3.954172
4.109395
8.475977
4.098214
10.144543
8.468447
3.962617
4.192662
3.968224
4.130571
4.039070
3.780736
3.837394
3.946458
3.635292
3.961243
4.007393
4.081567
4.070480
4.293645
3.995350
3.823282
8.387610
3.986478
3.890358
3.858867
7.986141
3.999775
4.162509
3.762545
4.026401
3.819715
4.252335
4.032308
4.055244
3.767792
4.030890
9.360226
3.954727
4.056377
4.052123
6.888712
4.026193
3.887794
9.204149
3.764962
4.134664
9.904289
3.612437
10.132688
4.063973
3.977580
8.599549
3.872061
3.914964
3.963293
7.210944
3.927591
7.431901
3.689433
4.131593
7.676602
3.937926
4.207467
4.141824
3.890184
3.955074
9.587775
8.122823
3.979323
3.876735
3.980581
3.932910
3.982080
4.099149
3.877212
9.019699
7.641247
7.517861
4.138715
4.031513
8.394209
8.682547
8.341485
9.953914
3.903596
3.870562
3.899383
3.926099
9.049995
4.017197
4.162443
9.391377
4.159399
8.020763
4.060367
3.921586
8.628492
4.100605
3.830961
4.055379
4.095123
3.765319
10.798044
4.003498
4.023175
4.177544
3.739366
4.074405
9.412989
3.825530
10.917593
11.149122
4.155331
3.824735
3.984539
3.985689
9.320851
4.168937
4.019885
3.850763
4.042575
3.958457
3.958215
3.740462
4.064523
9.301582
4.125291
4.009913
3.841765
3.819469
4.327678
10.977796
3.966509
3.967524
3.932057
3.952869
7.717434
9.571824
4.005720
8.668243
4.082140
3.771455
3.797723
3.881987
8.560733
4.023755
3.817537
9.003447
3.864206
4.045155
4.023070
4.236972
4.200993
3.987593
3.815276
3.999433
3.845473
3.971440
4.221786
9.685041
3.889466
4.163215
4.045174
3.842276
8.217437
4.149386
3.826334
4.045951
3.857603
3.938532
4.120154
3.852289
3.822188
3.980576
9.394307
4.148814
4.132693
3.899009
3.894537
4.104295
8.899387
4.182725
3.909777
3.956224
9.016160
4.012650
4.097758
4.098425
3.984249
4.092943
4.083796
4.049040
8.501255
8.536495
4.234890
3.673947
4.009787
3.793773
3.996553
4.069409
3.926921
7.847262
4.053820
9.438285
8.208163
4.087249
4.031671
4.114214
9.444602
4.015633
3.718814
4.080028
9.591151
4.160831
8.982849
4.098263
4.014555
3.980608
8.724110
4.135851
3.877734
3.960358
8.490484
7.600972
4.009882
3.747737
4.138066
4.102011
3.787011
4.028154
8.408527
3.799186
4.057347
3.823985
3.887602
4.256492
3.869909
4.164378
3.755613
4.259381
3.893315
4.041649
8.027689
4.072867
4.012174
4.253278
4.097062
4.181971
3.913559
4.004575
4.103844
3.939869
7.497111
4.167118
4.024476
8.671053
7.931712
3.919479
4.200923
3.871996
3.996313
3.918298
3.904724
3.991297
7.886525
8.973770
3.839835
3.867314
9.088687
7.126247
4.075242
3.982548
4.148744
4.015639
3.930831
10.405959
3.881152
4.094142
9.533400
3.959053
3.850560
8.298878
9.406928
3.939264
4.023172
3.856568
3.903056
3.941984
9.219489
8.999511
3.788172
3.988342
3.806554
3.774037
6.359132
7.993434
4.068609
4.053569
4.180977
4.329006
9.043531
4.128859
4.070745
4.116557
7.949871
3.995170
4.112819
4.157722
3.834727
3.941685
4.186315
10.804809
3.873993
4.086792
7.475653
4.147936
4.077177
4.205746
8.605142
4.107064
3.805257
3.979005
3.912026
3.998343
4.289092
10.827448
7.505459
3.884989
4.289175
3.636668
3.857930
3.934733
9.974699
3.957887
4.029112
4.295459
3.750257
3.944959
9.288967
3.657562
4.132103
9.031889
3.846603
7.704127
9.774537
4.095197
3.759941
4.017390
4.151200
9.045670
8.353134
4.019791
4.003791
10.893864
4.172293
4.003500
8.455073
3.980344
3.883694
3.848451
3.951059
3.937883
7.593136
4.018667
4.152463
7.199399
7.716326
3.878033
4.165595
4.101041
3.886564
3.937700
9.692747
3.955222
4.102850
9.166552
8.913732
3.805907
9.398586
9.050700
3.802056
3.918652
3.963206
3.981048
4.067344
8.609412
4.075649
4.180059
3.913262
3.817053
4.132314
4.029920
3.981603
8.964655
3.826742
3.835266
3.979776
3.869743
3.742559
4.040198
3.744424
9.173558
4.131806
4.080797
9.493079
3.866749
3.935497
9.661111
3.663678
3.875627
4.296121
9.011499
4.167979
4.073466
4.136979
3.936226
3.988601
4.179091
4.163308
3.712504
3.899014
10.135162
3.888609
4.137364
3.963781
3.968874
4.158801
3.762820
4.141286
3.769593
8.177879
3.916507
3.989451
10.408499
4.133964
3.867137
4.166241
4.224119
4.241462
3.953847
8.934975
3.932545
9.562845
3.790892
4.057175
4.135961
4.049450
3.881610
4.021644
4.195652
4.040685
4.001479
3.971371
4.033211
3.829625
3.898570
3.991066
8.391885
3.882467
4.181082
3.943537
4.043848
4.148603
3.959954
4.067941
4.035374
4.021563
3.945345
3.856867
4.009441
9.020612
3.749051
3.857863
3.992262
3.963841
4.250063
4.139928
3.942503
3.877975
4.011835
3.983310
3.925043
3.809718
10.634632
10.218998
3.785791
4.104409
3.867971
4.025823
3.896023
4.147960
9.899127
4.024479
4.130847
3.881027
4.020891
3.936436
3.738077
4.099275
4.058755
4.264508
3.908723
4.076362
4.100078
3.848682
3.969053
8.757023
9.835281
4.092329
4.139527
4.087259
10.305416
4.108260
10.270256
4.107131
3.881889
4.075585
3.856789
4.094142
4.063636
9.417676
3.961064
4.035703
4.149010
3.914921
4.258389
9.547637
9.483748
8.311419
10.780630
3.918135
4.179788
4.133658
4.061352
4.129144
9.733465
8.233847
3.932748
3.883623
10.593846
4.209663
10.006954
3.906364
3.808982
9.716998
3.938634
10.830232
3.874031
3.924816
4.034243
4.127292
4.004209
3.854244
7.105549
4.001337
3.914531
4.101619
4.137401
4.030007
3.866003
7.886683
3.974754
4.062192
4.048662
3.974613
7.752847
10.786603
3.929026
4.097447
9.470673
3.960699
3.976017
9.853897
4.056557
9.765839
3.898781
3.899941
7.945585
3.930927
8.642159
4.051723
4.067519
4.024154
8.624363
4.101981
4.157677
3.925923
7.123049
8.696009
4.026483
3.962045
3.904818
8.740277
3.646468
4.004083
3.974395
4.043975
4.100473
3.884022
10.514277
9.000359
4.090791
8.109504
4.126666
3.885423
4.101849
3.672285
4.201001
3.922704
9.201047
4.411413
4.222380
3.747438
4.122460
3.777283
4.047921
4.041381
4.200853
3.778342
4.067369
9.336338
8.767273
3.900657
3.966406
4.065175
7.993644
3.859534
8.954862
3.843063
4.242052
3.839637
3.952491
4.096349
3.889982
3.987541
4.252146
8.139197
3.914895
3.929359
3.847865
3.966378
3.869168
11.083563
3.951396
3.994062
8.717548
10.330895
3.885033
8.064310
4.018683
9.461781
8.586367
8.435886
4.067867
4.040753
3.800011
8.389180
3.947364
3.929119
4.110006
8.217100
4.136830
4.245509
3.900770
3.864852
8.375579
4.065149
8.169863
4.006945
4.334368
11.115856
4.016994
4.077869
4.076091
9.251348
3.892130
9.926721
3.803985
3.870366
3.929856
3.946494
9.279425
9.663314
10.228335
3.913578
3.987877
4.041437
8.969979
4.046187
9.000403
3.706554
4.010876
7.352669
4.160464
7.890782
3.782023
3.902656
3.786025
4.057668
3.965503
4.086125
3.821331
4.120484
3.900126
3.825491
3.962117
4.027571
8.960776
3.910144
4.046339
3.840150
4.136074
4.048993
4.034164
3.854848
3.998379
3.923103
8.809666
8.345511
3.849757
3.842976
3.869910
3.740396
9.652810
11.358455
3.973791
8.394983
4.019416
9.433883
4.128885
4.192242
3.963942
4.101307
4.107990
4.029256
3.979412
8.659603
4.136652
3.899230
9.369383
9.413817
3.877528
9.091366
4.124404
4.121727
3.944666
3.787238
10.262967
3.875820
4.098383
9.299498
4.021177
9.000503
4.002539
3.873692
8.568264
9.393097
4.020673
4.102803
9.642307
4.101311
3.959456
9.214087
4.015012
3.712920
3.892391
4.015409
9.537106
3.773796
9.180221
9.245622
4.052000
7.773983
3.874095
3.889475
4.026276
3.990244
4.157641
3.969510
3.970205
4.048905
3.861396
3.947885
3.785768
4.070756
3.851566
4.088525
4.014116
9.080668
4.072820
10.089331
3.976831
9.259576
10.405406
3.749601
10.130520
3.820537
4.083221
3.826886
3.970643
4.016272
3.934811
4.190970
3.784244
3.695913
8.544562
4.137326
8.815859
3.949443
8.228659
4.101954
3.633477
3.893516
4.209155
3.882194
8.633380
4.062636
3.916492
3.992787
4.120096
10.286595
3.890777
3.960790
7.366370
3.893527
3.818099
3.955554
4.137421
8.156845
4.002291
8.285784
3.867821
3.881940
3.883650
4.006728
4.215803
3.835253
4.226892
4.289545
3.916325
4.099841
3.923544
4.075277
7.314367
9.888778
4.013183
4.102328
4.233401
4.029273
8.778662
4.208780
3.892072
3.954956
4.139466
4.255252
3.893076
4.195872
3.966954
3.888862
8.720375
9.351657
4.214412
4.092865
4.157013
9.097779
3.911285
3.897305
4.322094
3.957174
7.976335
7.786903
3.985990
4.014434
4.021289
3.989933
3.996193
8.721713
3.873530
4.133073
10.050697
8.341739
4.039717
9.649704
4.107847
4.197663
8.469958
3.974543
4.188085
3.866773
8.452442
8.162718
4.070354
8.873391
10.697462
9.544939
4.048850
3.937126
3.945303
4.002923
4.136444
3.992111
4.002760
3.933994
7.598025
4.050560
3.926337
3.756954
4.027766
9.028371
3.946053
4.287498
4.105914
4.118610
3.941541
3.901163
3.703517
3.955303
4.208854
4.159834
3.719604
3.982882
3.984702
4.062794
4.590778
4.219315
9.254569
3.903654
8.000776
4.163789
4.025123
4.064862
3.883011
4.088488
4.059380
9.257708
4.177376
4.342927
9.688841
3.825856
3.871949
4.064161
3.959804
4.108126
4.159601
4.045842
4.020548
4.054328
7.471542
4.167677
3.921407
9.116697
3.897974
4.134576
9.280659
4.161129
3.991905
4.135759
3.957789
3.772243
11.482059
8.293806
4.201397
3.975739
4.036813
3.778690
3.936261
4.178838
3.801311
3.949830
4.028876
8.971231
4.068583
3.943039
3.780429
4.269262
10.115804
10.073418
3.848963
3.967452
4.103115
4.014391
8.726078
3.944908
3.688449
7.723524
10.131979
4.123730
4.086896
8.237786
4.015642
3.844077
10.360869
4.082668
4.074247
4.141651
9.017459
4.021339
9.698714
4.201097
9.152550
3.767629
3.906536
9.991543
4.112642
3.917779
3.909749
3.921488
8.167967
3.810217
3.888321
3.887958
3.837711
4.037207
3.923609
9.051393
3.933994
3.943361
3.976538
3.835979
4.094010
4.049802
4.220840
3.843063
3.992996
4.013147
4.104800
3.595034
4.300335
3.856323
9.209064
4.044734
4.064693
7.221336
3.723630
4.367541
3.948376
4.000591
4.158965
4.015255
4.106585
3.984656
4.098091
4.241766
3.803261
4.155118
3.932043
9.077829
4.221016
3.862972
3.942764
4.032832
4.098214
3.846297
3.850374
3.807691
3.830077
4.174460
3.947159
8.729897
4.249619
4.116351
4.164022
4.135163
3.815437
3.885982
4.045615
8.475618
7.680277
4.034288
3.861328
4.015955
3.729788
3.804648
3.792448
4.142347
4.184353
3.923414
4.009008
4.034613
9.039976
4.080815
3.827269
3.967944
4.019185
10.296158
3.960748
9.882656
3.949606
4.153980
3.908249
4.104922
4.193294
4.053497
4.192782
4.128766
3.906762
4.152433
4.100250
3.934832
3.777680
3.896030
7.442590
9.156221
4.124346
4.168097
4.001621
3.967898
3.960310
3.950782
3.871645
4.035094
3.800549
10.101611
3.781155
3.720468
3.945086
9.434192
4.151296
7.841619
3.989642
4.006070
4.057826
3.914241
4.231397
9.750116
3.916335
4.346497
4.363224
3.943072
4.019756
3.911056
3.718075
3.766593
4.113126
4.068906
8.846890
3.999951
7.887184
3.789893
4.149434
3.937495
3.841907
4.208062
7.710485
3.890505
4.107534
4.120112
4.081842
3.838384
4.167919
4.022251
4.077812
4.214170
4.219923
3.962074
4.157335
3.860207
8.850028
3.788290
4.039804
3.919359
4.081698
3.855314
7.825884
4.040182
4.094516
4.201184
9.289709
4.019576
3.988027
3.994345
4.062236
4.019720
4.129139
8.572167
3.929736
4.271822
4.000093
9.336046
3.959624
4.115891
3.882028
4.028679
4.154272
4.219785
4.188101
3.772355
8.835701
3.730078
8.152605
4.019136
3.884974
3.903307
10.045185
4.080267
8.449649
3.889633
9.347695
4.078084
4.041664
4.013106
3.940601
4.014655
4.114215
3.793400
3.953443
3.969430
4.162640
9.641216
4.086591
3.980396
3.799795
3.759295
4.093345
4.056712
3.874414
3.952740
3.910945
4.174838
3.901861
4.011909
10.529100
3.880658
9.096356
9.021668
8.771792
9.120407
3.995421
9.836490
4.146494
3.980540
8.921291
3.959592
3.892891
3.974405
3.923557
10.120445
4.053112
4.122175
8.248748
4.004988
4.091628
3.927754
10.126849
3.778306
9.312361
4.043751
4.082562
3.640688
3.731511
4.175517
3.861947
3.874314
4.091154
8.127650
9.656279
3.960334
3.918771
3.979312
10.872185
4.100385
3.827992
3.986667
10.124356
4.002859
4.247583
3.994609
4.167296
4.154982
4.048047
4.166266
4.247598
3.987317
8.735499
3.962571
9.990989
3.866706
3.897622
4.008133
4.018476
3.735117
3.663480
3.834335
4.246460
3.943093
4.019163
3.821658
3.860028
9.467771
4.332021
4.089143
8.156717
4.145238
3.808605
4.223451
9.607455
3.982052
9.484064
4.149135
9.144724
4.008530
3.688088
9.300309
3.810925
3.966824
3.910036
3.807465
4.030265
4.012494
3.905452
3.934777
3.803280
3.909287
9.068839
3.952612
4.162022
8.634384
4.070894
4.090497
3.801242
4.085933
3.940620
3.892962
4.159309
3.948327
4.099083
3.812387
4.075665
4.182278
4.029263
7.611577
4.069328
4.129379
9.353780
9.556854
4.000275
4.152190
3.877162
3.872757
4.029879
4.067200
8.606284
3.915429
4.072879
4.106836
4.058680
9.324423
4.081169
3.799385
4.044855
4.149420
4.062798
3.996181
3.994679
9.908809
3.905614
7.818863
3.805882
3.873796
3.970594
3.626902
4.010754
3.894062
3.861264
3.885771
3.996060
3.846714
4.111309
3.970522
8.473408
3.911055
4.155636
3.964623
4.009771
8.631303
3.918044
3.990297
3.624212
3.882414
4.024192
4.169684
4.019964
3.802741
3.933334
4.124884
3.889001
3.972988
3.890657
12.897318
4.031109
3.915340
4.178573
3.982059
4.047004
3.908289
3.937048
3.952533
11.016537
8.573310
3.968771
8.863039
4.098661
4.030012
3.966789
3.665005
4.045102
3.992415
4.216657
8.230446
4.030054
3.863987
4.252300
3.937159
4.048784
3.897379
3.824983
4.145363
4.136141
9.420041
3.981768
4.064783
3.922749
3.890170
3.953709
3.849135
4.116896
4.016321
3.867510
3.993767
9.795109
6.471953
4.239783
3.956587
9.564876
7.499962
3.989055
3.864921
3.891590
9.644428
3.845610
4.066101
3.769091
4.021522
4.001179
4.047947
10.081217
8.779306
4.053455
4.098776
8.720495
9.755143
3.764014
4.064271
4.016783
9.785761
4.145624
4.018981
4.038608
3.872968
8.366677
9.113064
3.662907
7.175264
3.987149
3.839679
11.785668
3.959606
4.098063
3.952204
4.210690
9.513362
9.792845
4.066661
9.275612
4.329837
4.004532
4.167694
7.310375
9.417400
3.895804
9.716501
3.745429
4.390339
4.148592
4.129406
3.887804
4.078108
4.207107
3.718724
4.053945
3.837081
4.024716
3.918879
3.976576
4.184415
3.990748
4.069521
3.985811
3.789358
3.920500
4.044253
4.083352
3.733831
3.972048
3.842020
4.149148
4.074738
8.504096
4.111028
4.041516
9.784339
3.997585
4.176661
4.064080
3.806869
4.112884
3.874268
4.168259
4.011096
3.868195
3.909743
3.846801
7.089849
3.807149
4.199092
4.024777
3.936192
4.195697
4.190223
9.265236
9.378276
3.900806
4.131398
3.752245
3.850907
11.447328
9.080959
9.592455
3.644175
9.195507
4.109762
10.376068
3.983230
3.882029
4.026384
7.851522
4.223531
3.922869
4.027495
4.115510
4.010041
3.967290
10.103547
4.181567
3.792676
4.063533
3.947831
10.034275
3.850234
8.707792
4.038592
4.090594
7.606492
9.207878
3.776828
3.906185
4.069275
3.883310
4.019202
4.131244
4.163687
3.952815
4.003388
3.815157
3.773441
3.964044
3.788321
3.962510
4.118236
4.008193
9.510898
4.042392
4.115172
4.156063
3.903876
8.418090
3.965046
4.074886
3.950958
4.094634
9.371495
4.041147
3.661246
3.995788
7.838287
3.810911
4.291781
4.331930
3.663624
8.165260
4.246505
4.222898
4.111425
3.868668
3.873577
3.982140
3.991648
4.153135
3.754835
4.272491
4.167475
3.964450
8.044889
3.871888
3.849106
3.794174
4.074546
9.851926
8.848651
4.070124
8.745429
4.170827
4.170374
4.241500
9.691514
7.118303
4.061233
4.026885
4.218305
4.024350
7.440733
3.934489
8.590488
10.434968
10.697210
3.830275
4.056559
3.918772
4.046600
4.069389
4.202482
3.920485
4.156259
4.196534
4.005816
3.710904
3.970904
4.103908
3.811559
4.316301
9.569800
7.376052
4.009728
4.081236
4.006712
8.395405
4.086906
9.619007
3.936930
8.213527
3.981917
4.092938
4.009040
8.097522
4.081822
9.949651
4.165276
4.021525
4.055304
9.404108
3.938039
9.199636
3.861463
4.160887
3.835434
4.068421
3.870500
9.828946
7.872281
3.936309
4.043362
3.999131
4.238349
7.772367
4.250566
3.918629
4.031604
3.978425
8.342668
3.966589
7.977510
4.051821
3.910567
4.009735
4.146131
3.950862
3.872988
3.938724
3.886090
3.833844
3.799691
3.973623
10.016088
3.878902
4.203523
10.164818
4.027688
3.969749
4.096013
8.494613
4.136907
4.020228
4.407668
9.385448
4.205813
4.032719
11.902375
9.912548
3.959815
3.961814
4.258014
4.147409
4.105729
9.587944
4.148818
9.014037
10.291241
3.957883
4.131786
3.891269
8.082425
9.128412
9.613626
3.903460
4.047074
3.960189
4.001556
3.966005
3.979367
8.065437
7.569260
3.939409
7.264424
4.167791
9.805614
3.963736
3.896882
4.117659
4.251808
4.065311
4.190545
4.024212
3.995799
10.102725
8.014130
3.949854
3.938892
8.142436
3.973348
3.934826
3.830620
10.316515
3.860819
4.097181
3.801741
8.107926
4.138924
4.178715
7.731761
4.020484
4.238779
8.539604
4.047988
3.873480
9.774694
3.870196
4.003922
3.898329
4.245800
10.120672
3.873542
9.200900
3.893376
10.435599
3.860731
4.022115
4.051053
3.979679
4.100889
8.700038
4.136372
4.268760
3.742691
3.886445
9.000649
9.086187
3.995438
4.093377
3.770529
4.023958
3.951365
4.135693
4.064121
4.168520
10.594983
3.984163
8.785711
3.992961
3.967444
10.008792
3.770986
4.191083
3.786957
4.275339
3.952837
3.977325
4.038473
4.353762
3.852258
9.694359
4.054730
3.943705
4.158393
3.853572
3.916743
4.108908
8.631963
4.034957
4.104609
4.079378
4.170825
3.886354
4.043909
8.208788
3.916122
3.989755
3.795243
4.236039
3.823360
3.853714
4.022152
8.796701
8.031471
4.076546
4.177072
8.435147
10.346524
4.283931
3.890338
4.019877
4.072674
4.179369
4.088472
11.138800
4.005664
4.073670
9.053779
8.716286
3.712368
4.010558
9.565377
3.975217
9.634583
3.988380
8.541697
4.015852
4.037001
3.871309
4.119698
11.507696
4.118139
4.425687
4.004551
9.883423
4.145819
7.953048
3.861719
4.102177
4.070201
3.797546
8.928679
6.511369
4.005416
3.974351
4.004330
4.129468
4.009452
7.659422
4.051345
9.274788
4.043409
3.981477
4.078217
9.004756
4.081259
4.135402
4.050458
4.037393
4.035581
4.461206
3.775134
4.121359
3.909941
4.053028
3.963804
3.890378
4.092335
3.809432
8.588479
8.473886
3.888627
4.199378
4.140053
4.009787
4.054576
4.077440
3.962687
3.974563
3.855257
4.039643
3.907966
3.995121
3.934499
3.887393
3.928305
3.939178
3.868935
4.065612
4.178271
3.973298
4.005002
3.943087
10.177806
8.772437
3.967119
4.156207
4.149001
3.881797
9.812092
4.161691
4.050480
3.815449
9.546977
4.057403
3.953363
4.066819
4.198551
7.099851
4.178574
10.226230
9.513444
6.927687
3.986335
3.977402
4.180945
3.790775
7.661020
4.015824
4.185400
3.895133
3.785900
10.521103
3.836903
8.112893
4.053928
3.827839
4.096258
4.073158
3.957835
4.020094
3.933938
4.111248
4.116696
3.920575
3.797518
10.048579
4.366896
4.095425
4.097711
3.909627
8.190548
3.970367
3.687153
4.108749
3.757066
3.961479
10.123298
4.187617
4.069400
4.255323
3.910264
3.866423
4.052064
3.971659
10.926550
4.170148
3.874997
8.664615
4.067242
3.777390
4.139423
4.234354
4.058665
7.581272
3.957621
3.978386
3.963637
3.828420
4.268132
4.034521
4.122189
3.949556
4.190634
9.627438
4.227236
7.031957
4.149989
3.949218
4.053760
3.940924
4.257250
3.768468
9.440881
3.979823
4.009999
3.854003
9.504462
4.160889
4.220743
4.024688
4.023473
7.723167
3.994495
4.139507
7.942036
3.830710
3.909772
10.270632
4.118780
4.246140
8.967270
9.171071
3.981135
11.372925
3.961181
4.052383
3.744980
4.052618
3.805366
3.740944
4.115002
4.007031
3.944207
3.875814
4.029385
3.875023
4.007400
9.485245
4.228507
10.540902
4.082673
4.176159
3.750554
3.928244
4.174667
3.802691
9.573487
9.324374
3.792917
8.980338
3.980173
8.639236
4.186783
4.228531
4.170360
3.906127
3.853260
4.014415
3.847576
4.119491
4.378235
4.293967
3.823191
4.152058
8.774704
10.504750
3.691624
4.043399
4.117493
4.087231
4.247325
4.043030
4.183006
4.005829
3.944880
3.946926
4.122810
3.873456
3.956735
3.793326
7.991743
3.750399
4.360346
3.950728
3.959757
4.066258
3.969481
4.161988
8.023044
3.908266
4.026616
3.972943
9.368544
4.036127
3.973714
3.775649
3.954009
3.965984
3.906239
8.785177
3.974448
4.136175
8.307899
8.127363
4.097052
4.201377
3.953715
3.909070
9.358825
3.900995
7.530422
4.246721
3.984102
3.994561
3.597358
4.308886
4.190555
3.951512
3.852933
8.360136
3.984047
4.069745
9.982000
4.259683
8.339232
9.239814
8.667855
4.099141
3.883027
3.996812
6.977072
4.199195
4.042107
9.205011
4.127866
4.141231
4.309377
3.789472
3.926638
10.193927
4.002409
3.903026
3.812926
3.970927
3.879483
4.218176
9.270986
4.183486
10.410355
3.866139
7.862526
4.026640
3.773999
4.039043
3.977176
9.086172
4.071016
3.823830
8.067169
10.706975
4.073996
3.906660
3.996359
8.482752
3.809969
3.988062
9.742545
3.645671
3.883588
3.759861
7.414257
8.033721
4.123581
3.787258
3.804175
4.242773
4.122720
8.404279
3.830738
8.108335
3.828274
4.138132
3.957537
3.987951
4.076433
4.009944
3.840988
4.130028
3.878030
3.907060
4.075935
4.076839
4.024342
4.301420
4.029774
3.930328
3.900388
4.134523
8.123500
3.872614
7.206075
3.844406
3.969281
10.259352
11.439133
3.979003
4.028082
3.807565
9.219835
3.885101
3.793918
4.051441
4.082143
4.020830
3.990925
3.956798
3.798171
4.095922
4.213618
3.929243
7.818363
10.757190
3.843666
3.972928
4.176438
4.165650
10.578870
3.769985
3.934588
4.036728
8.961198
4.008298
9.343136
4.056022
3.915534
3.910571
3.809964
4.093490
8.606105
4.356201
3.952307
4.076033
10.467957
3.938759
3.717457
3.893758
3.665701
4.125055
9.773753
3.829034
3.813459
4.201548
3.862586
3.943624
4.169555
3.837710
4.093883
4.289250
7.724709
4.026487
9.997727
3.835968
4.084169
3.893431
3.909217
4.150820
3.861196
3.888958
4.094265
3.987672
4.027815
4.128345
4.047254
3.946716
3.935349
3.997724
4.105666
3.953943
3.878070
7.509045
3.970858
4.409494
8.865073
8.790504
4.045566
3.763345
3.989177
4.239002
4.281301
4.129207
4.223559
4.102661
3.983559
4.046553
10.135297
3.941585
3.965832
4.031084
3.946272
3.950898
3.902319
8.737283
3.997174
4.155762
3.973722
8.256077
3.975608
4.092074
3.896505
4.118413
3.740284
3.874494
9.483562
3.964515
4.084885
3.908012
4.008971
8.632192
4.033171
8.664139
4.021124
10.133318
4.092971
4.415698
3.796526
8.004706
3.879821
4.202717
3.778403
4.098101
3.968690
3.948532
4.010739
3.888864
4.026066
4.129045
4.068625
3.866958
3.835212
4.035465
4.064539
4.100218
4.005204
4.021897
4.132935
3.819433
4.041252
10.280563
3.878600
4.070623
4.110790
9.939139
4.033190
4.117475
3.895039
3.939698
4.068136
9.161052
3.897790
9.264223
4.132412
4.117008
3.918872
4.157588
4.136901
4.181197
9.391503
3.897979
3.986855
8.413971
3.900122
9.413423
4.186011
4.044356
3.832213
4.076644
10.110679
3.909431
3.793068
3.827565
9.898164
3.965170
9.991802
8.112244
4.028086
3.812595
4.106884
4.080211
4.218988
4.053464
3.755438
4.066610
4.099045
3.932236
3.941639
3.975217
4.067034
4.096047
3.905198
3.750438
4.411223
3.956390
4.110644
3.982263
3.751639
4.244610
4.072986
3.812061
8.296018
9.500176
4.146826
3.879330
3.754538
4.108873
3.711389
4.079930
4.090691
3.905341
3.947535
3.653831
4.221237
3.923612
10.133424
3.861885
7.240737
4.053984
3.842761
3.910657
4.117374
3.935802
3.895127
4.059950
4.200438
9.865573
3.979844
3.914049
4.067544
3.871335
3.755334
4.013559
4.080070
10.295206
4.084301
9.540242
3.971992
4.165347
3.912733
9.653898
4.007839
4.024260
4.110635
4.129446
3.871455
4.253779
3.918777
4.001671
3.938069
3.874866
6.912525
3.765185
9.570320
4.070049
8.263770
3.998907
4.064505
4.099282
4.286143
3.957211
3.948900
3.990305
8.512235
4.038391
4.028958
4.015900
4.049398
10.091142
4.091861
3.951504
3.861226
4.021703
3.958090
4.107503
3.844711
4.201492
3.796921
3.904991
3.781124
4.040085
3.836025
8.258682
4.025359
9.885275
8.113466
9.569691
10.775216
3.938713
4.028421
3.803337
3.953785
4.194329
3.826321
7.686432
3.915251
3.810175
3.868219
4.010404
4.002358
